userid,probability
55597,0.1
55598,0.0630975143403
55599,0.0630975143403
55600,0.4
55601,0.176029962547
55602,0.1
55603,0.230188679245
55604,0.0123456790123
55605,0.1
55606,0.0630975143403
55607,0.0123456790123
55608,0.0
55609,0.153846153846
55610,0.176029962547
55611,0.0630975143403
55612,0.0
55613,0.428571428571
55614,0.0630975143403
55615,0.176029962547
55616,0.0630975143403
55617,0.166666666667
55618,0.0630975143403
55619,0.0123456790123
55620,0.0123456790123
55621,0.0123456790123
55622,0.142857142857
55623,0.0123456790123
55624,0.0
55625,0.0
55626,0.0123456790123
55627,0.176029962547
55628,0.164179104478
55629,0.0
55630,0.142857142857
55631,0.166666666667
55632,0.166666666667
55633,0.0123456790123
55634,0.0909090909091
55635,0.0630975143403
55636,0.230188679245
55637,0.0
55638,0.1
55639,0.0123456790123
55640,0.0
55641,0.1
55642,0.0123456790123
55643,0.0
55644,0.0
55645,0.0630975143403
55646,0.0123456790123
55647,0.176029962547
55648,0.0
55649,0.142857142857
55650,0.0
55651,0.0
55652,0.176029962547
55653,0.0123456790123
55654,0.176029962547
55655,0.1
55656,0.176029962547
55657,0.176029962547
55658,0.0630975143403
55659,0.272058823529
55660,0.176029962547
55661,0.176029962547
55662,0.176029962547
55663,0.176029962547
55664,0.0
55665,0.0
55666,0.0
55667,0.0123456790123
55668,0.166666666667
55669,0.122807017544
55670,0.176029962547
55671,0.1
55672,0.0392156862745
55673,0.0888888888889
55674,0.230188679245
55675,0.272058823529
55676,0.122807017544
55677,0.230188679245
55678,0.0
55679,0.4
55680,0.0
55681,0.0630975143403
55682,0.164179104478
55683,0.0
55684,0.0123456790123
55685,0.176029962547
55686,0.122807017544
55687,0.272058823529
55688,0.230188679245
55689,0.0123456790123
55690,0.0
55691,0.0123456790123
55692,0.0392156862745
55693,0.0666666666667
55694,0.0630975143403
55695,0.272058823529
55696,0.0
55697,0.176029962547
55698,0.0123456790123
55699,0.0392156862745
55700,0.176029962547
55701,0.162162162162
55702,0.0123456790123
55703,0.230188679245
55704,0.0
55705,0.0123456790123
55706,0.1
55707,0.164179104478
55708,0.0123456790123
55709,0.1
55710,0.0630975143403
55711,0.176029962547
55712,0.0
55713,0.122807017544
55714,0.0123456790123
55715,0.0
55716,0.0
55717,0.0
55718,0.166666666667
55719,0.164179104478
55720,0.0
55721,0.0123456790123
55722,0.0630975143403
55723,0.230188679245
55724,0.428571428571
55725,0.0630975143403
55726,0.0630975143403
55727,0.176029962547
55728,0.0630975143403
55729,0.0630975143403
55730,0.166666666667
55731,0.0630975143403
55732,0.0
55733,0.166666666667
55734,0.0630975143403
55735,0.0
55736,0.0
55737,0.176029962547
55738,0.0
55739,0.0888888888889
55740,0.153846153846
55741,0.272058823529
55742,0.0
55743,0.0392156862745
55744,0.0
55745,0.0
55746,0.0123456790123
55747,0.0
55748,0.153846153846
55749,0.0909090909091
55750,0.0123456790123
55751,0.162162162162
55752,0.0909090909091
55753,0.0909090909091
55754,0.272058823529
55755,0.0
55756,0.0630975143403
55757,0.0630975143403
55758,0.0
55759,0.0
55760,0.0630975143403
55761,0.122807017544
55762,0.0
55763,0.4
55764,0.0630975143403
55765,0.176029962547
55766,0.0123456790123
55767,0.0123456790123
55768,0.428571428571
55769,0.0392156862745
55770,0.0
55771,0.0630975143403
55772,0.162162162162
55773,0.0
55774,0.5
55775,0.230188679245
55776,0.0
55777,0.0888888888889
55778,0.0
55779,0.176029962547
55780,0.0
55781,0.176029962547
55782,0.0630975143403
55783,0.0630975143403
55784,0.0630975143403
55785,0.0
55786,0.0630975143403
55787,0.0630975143403
55788,0.0
55789,0.0630975143403
55790,0.0123456790123
55791,0.0888888888889
55792,0.0
55793,0.164179104478
55794,0.142857142857
55795,0.0123456790123
55796,0.230188679245
55797,0.153846153846
55798,0.0123456790123
55799,0.0
55800,0.181818181818
55801,0.0630975143403
55802,0.0630975143403
55803,0.230188679245
55804,0.0
55805,0.0
55806,0.162162162162
55807,0.166666666667
55808,0.0
55809,0.0630975143403
55810,0.176029962547
55811,0.0
55812,0.122807017544
55813,0.0
55814,0.0
55815,0.153846153846
55816,0.176029962547
55817,0.0
55818,0.0123456790123
55819,0.0888888888889
55820,0.0630975143403
55821,0.0
55822,0.0630975143403
55823,0.0630975143403
55824,0.0
55825,0.0
55826,0.230188679245
55827,0.0
55828,0.0630975143403
55829,0.0630975143403
55830,0.0
55831,0.176029962547
55832,0.166666666667
55833,0.0888888888889
55834,0.1
55835,0.0909090909091
55836,0.0630975143403
55837,0.0888888888889
55838,0.0630975143403
55839,0.0
55840,0.153846153846
55841,0.0630975143403
55842,0.230188679245
55843,0.162162162162
55844,0.166666666667
55845,1.0
55846,0.0392156862745
55847,0.0630975143403
55848,0.0630975143403
55849,0.1
55850,0.0123456790123
55851,0.0630975143403
55852,0.0
55853,0.272058823529
55854,0.122807017544
55855,0.0
55856,0.0888888888889
55857,0.0630975143403
55858,0.164179104478
55859,0.0630975143403
55860,0.164179104478
55861,0.0
55862,0.0
55863,0.0123456790123
55864,0.0
55865,0.0888888888889
55866,1.0
55867,0.0
55868,0.176029962547
55869,0.166666666667
55870,0.0
55871,0.0392156862745
55872,0.0
55873,0.122807017544
55874,0.0
55875,0.0630975143403
55876,0.0
55877,0.166666666667
55878,0.0630975143403
55879,0.0
55880,0.0
55881,0.0123456790123
55882,0.4
55883,0.272058823529
55884,0.0
55885,0.0123456790123
55886,0.272058823529
55887,0.0392156862745
55888,0.0630975143403
55889,0.162162162162
55890,0.0909090909091
55891,0.0392156862745
55892,0.0123456790123
55893,0.230188679245
55894,0.0
55895,0.0909090909091
55896,0.166666666667
55897,0.0
55898,0.164179104478
55899,0.0
55900,0.176029962547
55901,0.0
55902,0.0123456790123
55903,0.384615384615
55904,0.0
55905,0.0630975143403
55906,0.0
55907,0.0630975143403
55908,0.0630975143403
55909,0.0888888888889
55910,0.0
55911,0.0630975143403
55912,0.0123456790123
55913,0.0630975143403
55914,0.0630975143403
55915,0.0123456790123
55916,0.0
55917,0.122807017544
55918,0.272058823529
55919,0.0
55920,0.0123456790123
55921,0.230188679245
55922,0.0123456790123
55923,0.153846153846
55924,0.166666666667
55925,0.166666666667
55926,0.0
55927,0.0
55928,0.122807017544
55929,0.181818181818
55930,0.0
55931,0.142857142857
55932,0.0123456790123
55933,0.0888888888889
55934,0.0123456790123
55935,0.1
55936,0.0
55937,0.0630975143403
55938,0.176029962547
55939,0.0
55940,0.0
55941,0.230188679245
55942,0.0
55943,0.0909090909091
55944,0.0
55945,0.0
55946,0.0630975143403
55947,0.142857142857
55948,0.0123456790123
55949,0.0
55950,0.1
55951,0.230188679245
55952,0.0
55953,0.142857142857
55954,0.0
55955,0.0
55956,0.142857142857
55957,0.153846153846
55958,1.0
55959,0.0630975143403
55960,0.230188679245
55961,0.0630975143403
55962,0.176029962547
55963,0.0
55964,0.162162162162
55965,0.0392156862745
55966,0.176029962547
55967,0.0
55968,0.0630975143403
55969,0.0
55970,0.0909090909091
55971,0.0123456790123
55972,0.0
55973,0.166666666667
55974,0.176029962547
55975,0.4
55976,0.0630975143403
55977,0.0123456790123
55978,0.0123456790123
55979,0.0
55980,0.272058823529
55981,1.0
55982,0.0
55983,0.0630975143403
55984,0.1
55985,0.230188679245
55986,0.164179104478
55987,0.176029962547
55988,0.0630975143403
55989,0.0123456790123
55990,0.0392156862745
55991,0.0
55992,0.0
55993,0.0123456790123
55994,0.0909090909091
55995,0.176029962547
55996,0.0
55997,0.230188679245
55998,0.230188679245
55999,0.176029962547
56000,0.1
56001,0.0
56002,0.230188679245
56003,0.0
56004,0.0
56005,0.0
56006,0.164179104478
56007,0.166666666667
56008,0.176029962547
56009,0.176029962547
56010,0.0
56011,0.166666666667
56012,0.230188679245
56013,0.166666666667
56014,0.0888888888889
56015,0.0630975143403
56016,0.0630975143403
56017,0.0
56018,0.0392156862745
56019,0.122807017544
56020,0.176029962547
56021,0.0
56022,0.0123456790123
56023,1.0
56024,0.0
56025,0.0
56026,0.166666666667
56027,0.1
56028,0.0123456790123
56029,0.176029962547
56030,0.0
56031,0.0
56032,0.230188679245
56033,0.0
56034,0.0123456790123
56035,0.166666666667
56036,0.0
56037,0.0123456790123
56038,0.0
56039,0.0123456790123
56040,0.0123456790123
56041,0.176029962547
56042,0.176029962547
56043,0.0392156862745
56044,0.4
56045,0.176029962547
56046,0.0
56047,0.0909090909091
56048,0.0630975143403
56049,0.0
56050,0.0123456790123
56051,0.0909090909091
56052,0.164179104478
56053,0.0
56054,0.0
56055,0.0
56056,0.122807017544
56057,0.0630975143403
56058,0.0123456790123
56059,0.0123456790123
56060,0.0
56061,0.0630975143403
56062,0.166666666667
56063,0.0
56064,0.0
56065,0.0
56066,0.0630975143403
56067,0.0123456790123
56068,0.176029962547
56069,0.230188679245
56070,0.176029962547
56071,0.176029962547
56072,0.176029962547
56073,0.176029962547
56074,0.0
56075,0.0
56076,0.0630975143403
56077,1.0
56078,0.0
56079,0.0630975143403
56080,0.0
56081,0.0
56082,0.272058823529
56083,0.0
56084,0.142857142857
56085,0.176029962547
56086,0.0123456790123
56087,0.162162162162
56088,0.176029962547
56089,0.272058823529
56090,0.0630975143403
56091,0.176029962547
56092,0.272058823529
56093,0.0630975143403
56094,0.0
56095,0.1
56096,0.0392156862745
56097,0.0888888888889
56098,0.0888888888889
56099,0.0
56100,0.0
56101,0.176029962547
56102,0.0
56103,0.0123456790123
56104,0.1
56105,0.0
56106,0.0123456790123
56107,0.0630975143403
56108,0.176029962547
56109,0.164179104478
56110,0.176029962547
56111,0.122807017544
56112,0.166666666667
56113,0.0630975143403
56114,0.0
56115,0.0
56116,0.0123456790123
56117,0.0888888888889
56118,0.176029962547
56119,0.230188679245
56120,0.0666666666667
56121,0.176029962547
56122,0.0
56123,0.0
56124,0.0392156862745
56125,0.176029962547
56126,0.0888888888889
56127,0.176029962547
56128,0.0630975143403
56129,0.0
56130,0.0
56131,0.1
56132,0.0392156862745
56133,0.0
56134,0.166666666667
56135,0.176029962547
56136,0.0
56137,0.0
56138,0.0123456790123
56139,0.0
56140,0.0
56141,0.0909090909091
56142,0.0630975143403
56143,0.176029962547
56144,0.0630975143403
56145,0.0630975143403
56146,0.0
56147,0.164179104478
56148,0.0630975143403
56149,0.164179104478
56150,0.0
56151,0.0123456790123
56152,0.0
56153,0.230188679245
56154,0.0630975143403
56155,0.0630975143403
56156,0.0123456790123
56157,0.230188679245
56158,0.0630975143403
56159,0.153846153846
56160,0.0630975143403
56161,0.0
56162,0.0630975143403
56163,0.0
56164,0.0
56165,0.0
56166,0.272058823529
56167,0.0
56168,0.4
56169,0.230188679245
56170,0.166666666667
56171,0.0
56172,0.176029962547
56173,0.230188679245
56174,0.0
56175,0.1
56176,0.0
56177,0.0888888888889
56178,0.0123456790123
56179,0.0
56180,0.166666666667
56181,0.0
56182,0.176029962547
56183,0.0
56184,0.0
56185,0.0630975143403
56186,0.176029962547
56187,0.0630975143403
56188,0.0630975143403
56189,0.0630975143403
56190,0.0
56191,0.0630975143403
56192,0.0
56193,0.0
56194,0.0630975143403
56195,0.0123456790123
56196,0.1
56197,0.176029962547
56198,0.164179104478
56199,0.0
56200,0.0
56201,0.4
56202,0.166666666667
56203,0.230188679245
56204,0.0630975143403
56205,0.230188679245
56206,0.1
56207,0.0630975143403
56208,0.176029962547
56209,0.230188679245
56210,0.0
56211,0.0909090909091
56212,0.0909090909091
56213,0.230188679245
56214,0.230188679245
56215,0.0
56216,0.176029962547
56217,0.153846153846
56218,0.230188679245
56219,0.4
56220,1.0
56221,0.0123456790123
56222,0.142857142857
56223,0.0630975143403
56224,0.0630975143403
56225,0.0630975143403
56226,0.230188679245
56227,0.0630975143403
56228,0.0123456790123
56229,0.166666666667
56230,0.0123456790123
56231,0.153846153846
56232,0.0123456790123
56233,0.0123456790123
56234,0.0123456790123
56235,0.153846153846
56236,0.0
56237,0.0888888888889
56238,0.0630975143403
56239,0.0
56240,0.0630975143403
56241,0.164179104478
56242,0.0
56243,0.176029962547
56244,0.1
56245,0.176029962547
56246,0.176029962547
56247,0.166666666667
56248,0.0
56249,0.153846153846
56250,0.230188679245
56251,0.176029962547
56252,0.122807017544
56253,0.181818181818
56254,0.0123456790123
56255,0.0909090909091
56256,0.166666666667
56257,0.142857142857
56258,0.0
56259,0.1
56260,0.176029962547
56261,0.0392156862745
56262,1.0
56263,0.0123456790123
56264,0.1
56265,0.1
56266,0.1
56267,0.0
56268,0.0123456790123
56269,0.0
56270,0.0
56271,0.142857142857
56272,0.176029962547
56273,0.142857142857
56274,0.0
56275,0.0
56276,0.164179104478
56277,0.153846153846
56278,0.0
56279,0.0
56280,0.142857142857
56281,0.230188679245
56282,0.0909090909091
56283,0.230188679245
56284,0.0123456790123
56285,0.0630975143403
56286,0.0123456790123
56287,0.142857142857
56288,0.0630975143403
56289,0.0630975143403
56290,0.0
56291,0.0123456790123
56292,0.230188679245
56293,0.0123456790123
56294,0.153846153846
56295,0.0630975143403
56296,0.0
56297,0.230188679245
56298,0.0
56299,0.164179104478
56300,0.0630975143403
56301,0.176029962547
56302,0.1
56303,0.1
56304,0.0123456790123
56305,0.164179104478
56306,0.0
56307,0.0
56308,0.0
56309,0.153846153846
56310,0.176029962547
56311,0.0909090909091
56312,0.0630975143403
56313,0.0630975143403
56314,0.0630975143403
56315,0.0630975143403
56316,0.176029962547
56317,0.5
56318,0.0
56319,0.176029962547
56320,0.0123456790123
56321,0.1
56322,0.1
56323,0.230188679245
56324,0.1
56325,0.0630975143403
56326,0.0
56327,0.162162162162
56328,0.1
56329,0.176029962547
56330,0.0
56331,0.176029962547
56332,0.0630975143403
56333,0.176029962547
56334,0.0
56335,0.0
56336,0.0
56337,0.176029962547
56338,0.0
56339,0.0392156862745
56340,0.0888888888889
56341,0.0888888888889
56342,0.0
56343,0.0909090909091
56344,0.0
56345,0.0630975143403
56346,0.0
56347,0.0
56348,0.166666666667
56349,0.0888888888889
56350,0.0
56351,0.0630975143403
56352,0.0
56353,0.0630975143403
56354,0.0123456790123
56355,0.0392156862745
56356,0.0392156862745
56357,0.230188679245
56358,0.0630975143403
56359,0.153846153846
56360,1.0
56361,0.164179104478
56362,0.384615384615
56363,0.176029962547
56364,0.0
56365,0.164179104478
56366,0.0630975143403
56367,0.176029962547
56368,0.166666666667
56369,0.0888888888889
56370,0.0909090909091
56371,0.0
56372,0.176029962547
56373,0.0888888888889
56374,0.176029962547
56375,0.0
56376,0.176029962547
56377,0.0630975143403
56378,0.176029962547
56379,0.0630975143403
56380,0.0
56381,0.0630975143403
56382,0.0
56383,0.230188679245
56384,0.0
56385,0.0
56386,0.0
56387,0.0630975143403
56388,0.164179104478
56389,0.176029962547
56390,0.4
56391,0.230188679245
56392,0.0123456790123
56393,0.0123456790123
56394,0.162162162162
56395,1.0
56396,0.230188679245
56397,0.0630975143403
56398,0.0
56399,0.1
56400,1.0
56401,0.0630975143403
56402,0.176029962547
56403,0.0123456790123
56404,0.0
56405,0.142857142857
56406,0.0630975143403
56407,0.272058823529
56408,0.122807017544
56409,0.0
56410,0.0
56411,0.0
56412,0.0123456790123
56413,0.272058823529
56414,0.176029962547
56415,0.0
56416,1.0
56417,0.0630975143403
56418,0.384615384615
56419,0.1
56420,0.0
56421,0.0123456790123
56422,0.0
56423,0.272058823529
56424,0.164179104478
56425,0.162162162162
56426,0.0630975143403
56427,0.162162162162
56428,0.0
56429,0.0
56430,0.0630975143403
56431,0.230188679245
56432,0.164179104478
56433,0.0888888888889
56434,0.0630975143403
56435,0.0
56436,0.162162162162
56437,0.230188679245
56438,0.164179104478
56439,0.164179104478
56440,0.0123456790123
56441,0.0630975143403
56442,0.142857142857
56443,0.230188679245
56444,0.176029962547
56445,1.0
56446,0.0630975143403
56447,0.0123456790123
56448,0.0
56449,0.0
56450,0.0630975143403
56451,0.4
56452,0.0
56453,0.230188679245
56454,0.0
56455,0.162162162162
56456,0.230188679245
56457,0.4
56458,0.0
56459,0.0630975143403
56460,0.166666666667
56461,0.0123456790123
56462,0.0
56463,0.166666666667
56464,0.0630975143403
56465,0.0123456790123
56466,0.0630975143403
56467,0.162162162162
56468,0.0
56469,0.0630975143403
56470,0.0
56471,0.0
56472,0.0909090909091
56473,0.0630975143403
56474,0.0123456790123
56475,0.153846153846
56476,0.122807017544
56477,0.0630975143403
56478,0.0
56479,0.230188679245
56480,0.0630975143403
56481,0.0123456790123
56482,0.0
56483,0.0630975143403
56484,0.0888888888889
56485,0.0888888888889
56486,0.153846153846
56487,0.0123456790123
56488,0.0123456790123
56489,0.230188679245
56490,0.0
56491,0.0888888888889
56492,0.230188679245
56493,0.0
56494,0.0
56495,0.0123456790123
56496,0.0909090909091
56497,0.0123456790123
56498,0.0888888888889
56499,0.0909090909091
56500,0.0630975143403
56501,0.0
56502,0.153846153846
56503,0.0
56504,0.164179104478
56505,0.0630975143403
56506,0.166666666667
56507,0.164179104478
56508,0.0
56509,0.176029962547
56510,0.0
56511,0.0
56512,0.0
56513,0.176029962547
56514,0.176029962547
56515,0.176029962547
56516,0.0
56517,0.142857142857
56518,0.176029962547
56519,0.153846153846
56520,0.0630975143403
56521,0.0
56522,0.0630975143403
56523,0.0392156862745
56524,0.176029962547
56525,0.164179104478
56526,0.0
56527,0.0
56528,0.0630975143403
56529,0.153846153846
56530,0.176029962547
56531,0.0
56532,0.176029962547
56533,0.0123456790123
56534,0.0
56535,0.0888888888889
56536,0.142857142857
56537,0.230188679245
56538,0.0630975143403
56539,0.0
56540,0.0
56541,0.176029962547
56542,0.164179104478
56543,0.0
56544,0.0
56545,0.122807017544
56546,0.0
56547,0.0630975143403
56548,0.0
56549,0.176029962547
56550,0.176029962547
56551,0.1
56552,0.176029962547
56553,0.176029962547
56554,0.166666666667
56555,0.0630975143403
56556,0.176029962547
56557,0.0630975143403
56558,0.1
56559,0.0
56560,0.0
56561,0.0
56562,0.166666666667
56563,0.0630975143403
56564,0.0
56565,0.0630975143403
56566,0.0
56567,0.166666666667
56568,0.1
56569,0.0123456790123
56570,0.1
56571,0.0123456790123
56572,0.176029962547
56573,0.176029962547
56574,0.153846153846
56575,0.0630975143403
56576,0.166666666667
56577,0.0630975143403
56578,0.0123456790123
56579,0.0
56580,0.0123456790123
56581,0.0630975143403
56582,0.230188679245
56583,0.0123456790123
56584,0.176029962547
56585,0.0
56586,0.162162162162
56587,0.176029962547
56588,0.166666666667
56589,0.0
56590,0.0630975143403
56591,0.176029962547
56592,0.0
56593,0.0
56594,0.0
56595,0.0
56596,0.0630975143403
56597,0.142857142857
56598,0.0630975143403
56599,0.0
56600,0.0630975143403
56601,0.176029962547
56602,0.0
56603,0.0123456790123
56604,0.0630975143403
56605,0.0
56606,0.0630975143403
56607,0.176029962547
56608,0.0
56609,0.0
56610,0.0
56611,0.0123456790123
56612,0.1
56613,0.1
56614,0.0
56615,0.0123456790123
56616,0.164179104478
56617,0.166666666667
56618,0.176029962547
56619,0.0630975143403
56620,0.176029962547
56621,0.176029962547
56622,0.272058823529
56623,0.1
56624,0.0
56625,0.0
56626,0.0
56627,0.0
56628,0.230188679245
56629,0.166666666667
56630,0.164179104478
56631,0.1
56632,0.0
56633,0.164179104478
56634,0.0123456790123
56635,0.0123456790123
56636,0.0
56637,0.0
56638,0.0630975143403
56639,0.0
56640,0.0
56641,0.0630975143403
56642,0.0888888888889
56643,0.164179104478
56644,0.1
56645,0.230188679245
56646,0.230188679245
56647,0.176029962547
56648,0.0888888888889
56649,0.0
56650,0.0888888888889
56651,0.0392156862745
56652,0.0630975143403
56653,0.0
56654,0.0630975143403
56655,0.0888888888889
56656,0.0909090909091
56657,0.0
56658,0.0888888888889
56659,0.1
56660,0.176029962547
56661,0.142857142857
56662,0.0630975143403
56663,0.176029962547
56664,0.0
56665,0.0
56666,0.0123456790123
56667,0.0
56668,0.176029962547
56669,0.0630975143403
56670,0.0
56671,0.0630975143403
56672,0.1
56673,0.0630975143403
56674,0.176029962547
56675,0.272058823529
56676,0.176029962547
56677,0.176029962547
56678,0.0
56679,0.0630975143403
56680,0.0
56681,0.0630975143403
56682,0.0630975143403
56683,0.0630975143403
56684,0.230188679245
56685,0.0
56686,0.230188679245
56687,0.1
56688,0.0
56689,0.0630975143403
56690,0.0630975143403
56691,0.0
56692,0.0123456790123
56693,0.176029962547
56694,0.0
56695,0.0
56696,0.164179104478
56697,0.0123456790123
56698,0.0123456790123
56699,0.0630975143403
56700,0.0
56701,0.1
56702,0.176029962547
56703,0.0
56704,0.176029962547
56705,0.0123456790123
56706,0.176029962547
56707,0.0123456790123
56708,0.0123456790123
56709,0.0888888888889
56710,0.176029962547
56711,0.0123456790123
56712,0.142857142857
56713,0.0
56714,0.0630975143403
56715,0.0
56716,0.0123456790123
56717,0.1
56718,0.0123456790123
56719,0.428571428571
56720,0.0123456790123
56721,0.0
56722,0.230188679245
56723,0.0123456790123
56724,0.0
56725,0.0
56726,0.0
56727,0.162162162162
56728,0.0123456790123
56729,0.122807017544
56730,0.0888888888889
56731,0.0
56732,0.0630975143403
56733,0.122807017544
56734,0.230188679245
56735,1.0
56736,0.0123456790123
56737,0.166666666667
56738,0.0123456790123
56739,0.1
56740,0.0123456790123
56741,0.230188679245
56742,0.166666666667
56743,0.0888888888889
56744,0.0
56745,0.0
56746,0.176029962547
56747,0.230188679245
56748,0.0123456790123
56749,0.0392156862745
56750,0.0630975143403
56751,0.176029962547
56752,0.176029962547
56753,0.162162162162
56754,0.0123456790123
56755,0.166666666667
56756,0.0123456790123
56757,0.0
56758,0.0123456790123
56759,0.0
56760,0.0
56761,0.0
56762,0.153846153846
56763,0.1
56764,0.0
56765,0.0630975143403
56766,0.0123456790123
56767,0.0
56768,0.0
56769,0.176029962547
56770,0.176029962547
56771,0.0392156862745
56772,0.1
56773,0.272058823529
56774,0.0
56775,0.1
56776,0.0630975143403
56777,0.0630975143403
56778,0.4
56779,0.1
56780,0.0888888888889
56781,0.0392156862745
56782,0.176029962547
56783,0.122807017544
56784,0.0
56785,0.0630975143403
56786,0.0888888888889
56787,0.176029962547
56788,0.0630975143403
56789,0.166666666667
56790,0.0630975143403
56791,0.0630975143403
56792,0.0630975143403
56793,0.1
56794,0.0909090909091
56795,0.0888888888889
56796,0.176029962547
56797,0.176029962547
56798,0.0630975143403
56799,0.122807017544
56800,0.176029962547
56801,0.176029962547
56802,0.0123456790123
56803,0.176029962547
56804,0.0888888888889
56805,0.166666666667
56806,0.176029962547
56807,0.176029962547
56808,0.1
56809,0.0
56810,0.0888888888889
56811,0.384615384615
56812,0.0123456790123
56813,0.0123456790123
56814,0.0
56815,0.0
56816,0.176029962547
56817,0.162162162162
56818,0.0630975143403
56819,0.0
56820,0.272058823529
56821,0.0
56822,0.0
56823,0.176029962547
56824,0.166666666667
56825,0.230188679245
56826,0.0123456790123
56827,0.176029962547
56828,0.0630975143403
56829,0.0
56830,0.0123456790123
56831,0.0123456790123
56832,0.176029962547
56833,0.166666666667
56834,0.0123456790123
56835,0.0
56836,0.0123456790123
56837,0.0
56838,0.0123456790123
56839,0.0123456790123
56840,0.153846153846
56841,0.0630975143403
56842,0.162162162162
56843,0.153846153846
56844,0.0392156862745
56845,0.0
56846,0.176029962547
56847,0.0
56848,0.0909090909091
56849,0.0
56850,0.0
56851,0.0630975143403
56852,0.164179104478
56853,0.0123456790123
56854,0.0
56855,0.0123456790123
56856,0.0123456790123
56857,0.0
56858,0.176029962547
56859,0.122807017544
56860,0.0630975143403
56861,0.0392156862745
56862,0.0123456790123
56863,0.230188679245
56864,0.0
56865,0.0392156862745
56866,0.0
56867,0.0630975143403
56868,0.0
56869,0.0123456790123
56870,0.0666666666667
56871,0.0630975143403
56872,0.0888888888889
56873,0.162162162162
56874,0.0888888888889
56875,0.176029962547
56876,0.176029962547
56877,0.0
56878,0.0
56879,0.164179104478
56880,0.230188679245
56881,0.0
56882,0.1
56883,0.230188679245
56884,0.122807017544
56885,0.0630975143403
56886,0.0123456790123
56887,0.0
56888,0.176029962547
56889,0.0630975143403
56890,0.176029962547
56891,0.1
56892,0.153846153846
56893,0.0630975143403
56894,0.0
56895,1.0
56896,0.176029962547
56897,0.176029962547
56898,0.176029962547
56899,0.0630975143403
56900,0.0
56901,0.0
56902,0.1
56903,0.0666666666667
56904,0.166666666667
56905,0.0888888888889
56906,0.0123456790123
56907,0.153846153846
56908,0.0
56909,0.0
56910,0.0630975143403
56911,0.0
56912,0.0123456790123
56913,0.0630975143403
56914,0.0
56915,0.164179104478
56916,0.0
56917,0.0
56918,0.176029962547
56919,0.0123456790123
56920,0.181818181818
56921,0.0
56922,0.0
56923,0.230188679245
56924,0.0909090909091
56925,0.0909090909091
56926,0.0123456790123
56927,0.142857142857
56928,0.0630975143403
56929,0.0630975143403
56930,0.5
56931,0.0
56932,0.0123456790123
56933,0.0630975143403
56934,0.0
56935,0.0630975143403
56936,0.0630975143403
56937,0.0
56938,0.0123456790123
56939,0.0
56940,0.0
56941,0.0888888888889
56942,0.166666666667
56943,0.0
56944,0.0
56945,0.0
56946,0.0
56947,0.0
56948,0.0630975143403
56949,0.166666666667
56950,0.166666666667
56951,0.166666666667
56952,0.176029962547
56953,0.0630975143403
56954,0.0909090909091
56955,0.0888888888889
56956,0.0
56957,0.0123456790123
56958,0.0630975143403
56959,0.0888888888889
56960,0.0
56961,0.0
56962,0.0
56963,0.0
56964,0.0630975143403
56965,0.0630975143403
56966,0.272058823529
56967,0.0123456790123
56968,0.0
56969,0.5
56970,0.176029962547
56971,1.0
56972,0.0123456790123
56973,0.0
56974,0.5
56975,0.153846153846
56976,0.122807017544
56977,0.176029962547
56978,0.166666666667
56979,0.142857142857
56980,0.176029962547
56981,0.176029962547
56982,0.230188679245
56983,0.0
56984,0.166666666667
56985,1.0
56986,0.0
56987,0.166666666667
56988,0.0123456790123
56989,0.176029962547
56990,0.0630975143403
56991,0.230188679245
56992,0.0630975143403
56993,0.0
56994,0.0888888888889
56995,0.272058823529
56996,0.153846153846
56997,0.0
56998,0.0
56999,0.0888888888889
57000,0.230188679245
57001,0.166666666667
57002,0.0630975143403
57003,0.0888888888889
57004,0.176029962547
57005,0.0
57006,0.0123456790123
57007,0.0123456790123
57008,0.0
57009,0.0
57010,0.0
57011,0.0888888888889
57012,0.0630975143403
57013,0.0630975143403
57014,0.0123456790123
57015,0.153846153846
57016,0.0123456790123
57017,0.0630975143403
57018,0.0
57019,1.0
57020,0.176029962547
57021,0.1
57022,0.0123456790123
57023,0.153846153846
57024,0.0630975143403
57025,0.0630975143403
57026,0.230188679245
57027,0.0630975143403
57028,0.0
57029,0.0630975143403
57030,0.0123456790123
57031,0.153846153846
57032,0.0888888888889
57033,0.0123456790123
57034,0.176029962547
57035,0.0630975143403
57036,1.0
57037,0.166666666667
57038,0.0123456790123
57039,0.0123456790123
57040,0.0
57041,0.0
57042,0.230188679245
57043,0.166666666667
57044,0.0
57045,0.0
57046,0.0630975143403
57047,0.0123456790123
57048,0.230188679245
57049,0.0392156862745
57050,0.0123456790123
57051,0.0630975143403
57052,0.4
57053,0.0630975143403
57054,0.0123456790123
57055,0.0630975143403
57056,0.164179104478
57057,0.0
57058,0.0
57059,0.0630975143403
57060,1.0
57061,0.0630975143403
57062,0.0392156862745
57063,0.176029962547
57064,0.166666666667
57065,0.0
57066,0.164179104478
57067,0.0
57068,0.0
57069,0.162162162162
57070,0.122807017544
57071,0.0
57072,0.0
57073,0.1
57074,0.0
57075,0.0630975143403
57076,0.0
57077,0.0630975143403
57078,0.230188679245
57079,0.0
57080,1.0
57081,0.0666666666667
57082,0.0123456790123
57083,0.0909090909091
57084,0.0
57085,0.0888888888889
57086,0.272058823529
57087,0.153846153846
57088,0.142857142857
57089,0.0630975143403
57090,0.0630975143403
57091,0.176029962547
57092,0.0123456790123
57093,0.0123456790123
57094,0.0
57095,0.0888888888889
57096,0.0123456790123
57097,0.1
57098,0.0
57099,0.0630975143403
57100,0.0392156862745
57101,0.5
57102,0.176029962547
57103,0.0123456790123
57104,0.230188679245
57105,0.0630975143403
57106,0.122807017544
57107,0.153846153846
57108,0.0630975143403
57109,0.0
57110,0.0123456790123
57111,0.0
57112,0.0630975143403
57113,0.0123456790123
57114,0.0630975143403
57115,0.0909090909091
57116,0.0123456790123
57117,0.142857142857
57118,0.0909090909091
57119,0.0630975143403
57120,0.0630975143403
57121,0.0
57122,0.0
57123,0.0630975143403
57124,0.122807017544
57125,0.0630975143403
57126,0.0630975143403
57127,0.1
57128,0.230188679245
57129,0.0
57130,0.142857142857
57131,0.0392156862745
57132,0.0630975143403
57133,0.164179104478
57134,0.0630975143403
57135,0.0630975143403
57136,0.0392156862745
57137,0.0630975143403
57138,0.0630975143403
57139,0.164179104478
57140,0.4
57141,0.0123456790123
57142,0.0123456790123
57143,0.0
57144,0.0
57145,0.142857142857
57146,0.4
57147,0.0630975143403
57148,0.0
57149,0.230188679245
57150,0.0888888888889
57151,0.1
57152,0.122807017544
57153,0.0888888888889
57154,0.0
57155,0.142857142857
57156,0.1
57157,0.0
57158,0.0888888888889
57159,0.176029962547
57160,0.0630975143403
57161,0.0123456790123
57162,0.0123456790123
57163,0.272058823529
57164,0.0630975143403
57165,0.0123456790123
57166,0.166666666667
57167,0.0
57168,0.0123456790123
57169,0.0123456790123
57170,0.122807017544
57171,0.0888888888889
57172,0.122807017544
57173,0.0888888888889
57174,0.0
57175,0.0
57176,0.230188679245
57177,0.0
57178,0.0
57179,0.0392156862745
57180,0.0630975143403
57181,0.0
57182,0.0
57183,0.0
57184,0.0630975143403
57185,0.0
57186,0.0123456790123
57187,0.0
57188,0.0630975143403
57189,0.0
57190,0.0
57191,0.176029962547
57192,0.0
57193,0.0909090909091
57194,0.230188679245
57195,0.122807017544
57196,0.5
57197,0.0123456790123
57198,0.176029962547
57199,0.166666666667
57200,0.0
57201,0.0
57202,0.0
57203,0.230188679245
57204,0.0
57205,0.0123456790123
57206,0.0392156862745
57207,0.0630975143403
57208,0.176029962547
57209,0.0
57210,0.176029962547
57211,0.176029962547
57212,0.176029962547
57213,0.0123456790123
57214,0.0888888888889
57215,0.176029962547
57216,0.384615384615
57217,0.0
57218,0.176029962547
57219,0.176029962547
57220,0.0630975143403
57221,0.122807017544
57222,0.0
57223,0.176029962547
57224,0.0630975143403
57225,0.176029962547
57226,0.176029962547
57227,0.0630975143403
57228,0.0630975143403
57229,0.0630975143403
57230,0.0
57231,0.153846153846
57232,0.0123456790123
57233,0.0
57234,0.176029962547
57235,0.1
57236,0.0
57237,0.0
57238,0.0
57239,1.0
57240,0.0123456790123
57241,0.0
57242,0.0
57243,0.176029962547
57244,1.0
57245,0.0123456790123
57246,0.0123456790123
57247,0.0
57248,0.0
57249,0.0123456790123
57250,0.0630975143403
57251,0.0123456790123
57252,0.0123456790123
57253,0.0888888888889
57254,0.0
57255,0.0630975143403
57256,0.0
57257,0.176029962547
57258,0.166666666667
57259,0.0123456790123
57260,0.176029962547
57261,0.0
57262,0.0630975143403
57263,0.0630975143403
57264,0.176029962547
57265,0.0123456790123
57266,0.0
57267,0.0
57268,0.0123456790123
57269,0.0
57270,0.0
57271,0.0123456790123
57272,0.0
57273,0.0630975143403
57274,0.230188679245
57275,0.0
57276,0.0123456790123
57277,0.164179104478
57278,0.230188679245
57279,0.0
57280,0.0630975143403
57281,0.0
57282,0.176029962547
57283,0.0123456790123
57284,0.176029962547
57285,0.0123456790123
57286,0.0630975143403
57287,0.0
57288,0.4
57289,0.0
57290,0.0123456790123
57291,0.142857142857
57292,0.0
57293,0.0
57294,0.0392156862745
57295,0.0630975143403
57296,0.0123456790123
57297,0.0630975143403
57298,0.0123456790123
57299,0.0630975143403
57300,0.176029962547
57301,0.0
57302,0.0
57303,0.0630975143403
57304,0.0
57305,0.0123456790123
57306,0.0123456790123
57307,0.176029962547
57308,0.142857142857
57309,0.0
57310,0.0
57311,0.0630975143403
57312,0.0123456790123
57313,0.0123456790123
57314,0.0630975143403
57315,0.176029962547
57316,0.166666666667
57317,0.230188679245
57318,0.1
57319,0.0
57320,0.0
57321,0.0630975143403
57322,0.0
57323,0.0123456790123
57324,0.153846153846
57325,0.0630975143403
57326,0.230188679245
57327,0.0630975143403
57328,0.176029962547
57329,0.0
57330,0.176029962547
57331,0.176029962547
57332,1.0
57333,0.0630975143403
57334,0.0123456790123
57335,0.0888888888889
57336,0.0
57337,0.0
57338,0.0
57339,0.176029962547
57340,0.0
57341,0.272058823529
57342,0.1
57343,0.0630975143403
57344,0.176029962547
57345,0.0888888888889
57346,0.176029962547
57347,0.176029962547
57348,0.0630975143403
57349,0.230188679245
57350,0.1
57351,0.0
57352,0.0
57353,0.230188679245
57354,0.0
57355,0.176029962547
57356,0.166666666667
57357,0.166666666667
57358,0.0392156862745
57359,0.0
57360,0.1
57361,0.0
57362,0.0630975143403
57363,0.0123456790123
57364,0.176029962547
57365,0.0
57366,0.162162162162
57367,0.0
57368,0.0
57369,0.0
57370,0.0630975143403
57371,0.1
57372,0.0630975143403
57373,0.0
57374,0.0630975143403
57375,0.0
57376,0.176029962547
57377,0.0630975143403
57378,0.166666666667
57379,0.0123456790123
57380,0.0
57381,0.230188679245
57382,0.0630975143403
57383,0.166666666667
57384,0.0630975143403
57385,0.0630975143403
57386,0.164179104478
57387,0.166666666667
57388,0.230188679245
57389,0.0
57390,0.0
57391,0.0
57392,0.176029962547
57393,0.0
57394,0.0123456790123
57395,0.0123456790123
57396,0.0
57397,0.0630975143403
57398,0.230188679245
57399,0.272058823529
57400,0.0630975143403
57401,0.0
57402,0.0
57403,0.0123456790123
57404,0.0630975143403
57405,0.1
57406,0.0
57407,0.230188679245
57408,0.166666666667
57409,0.0630975143403
57410,0.0
57411,0.0
57412,0.0630975143403
57413,0.0630975143403
57414,0.176029962547
57415,0.142857142857
57416,0.272058823529
57417,0.164179104478
57418,0.0
57419,0.0630975143403
57420,0.176029962547
57421,0.153846153846
57422,0.176029962547
57423,0.0
57424,0.0630975143403
57425,0.4
57426,0.0123456790123
57427,0.0
57428,0.0
57429,0.0630975143403
57430,0.0
57431,0.0
57432,0.176029962547
57433,0.0888888888889
57434,0.0
57435,0.0
57436,0.0
57437,0.0630975143403
57438,0.1
57439,0.0909090909091
57440,0.230188679245
57441,0.176029962547
57442,0.176029962547
57443,0.164179104478
57444,0.0888888888889
57445,0.0630975143403
57446,0.166666666667
57447,0.0
57448,0.0392156862745
57449,0.0
57450,0.0630975143403
57451,0.0
57452,0.176029962547
57453,0.0630975143403
57454,0.0630975143403
57455,0.0
57456,0.0
57457,0.0630975143403
57458,0.0123456790123
57459,0.122807017544
57460,0.0
57461,0.0123456790123
57462,0.166666666667
57463,0.0
57464,0.0123456790123
57465,0.0909090909091
57466,0.0
57467,0.0123456790123
57468,0.0123456790123
57469,0.0630975143403
57470,0.0123456790123
57471,0.0123456790123
57472,0.0
57473,0.0
57474,0.0123456790123
57475,0.0
57476,0.0630975143403
57477,0.0
57478,0.0630975143403
57479,0.0888888888889
57480,0.0123456790123
57481,0.0
57482,0.0
57483,0.230188679245
57484,0.0123456790123
57485,0.230188679245
57486,0.176029962547
57487,0.0
57488,0.1
57489,0.230188679245
57490,0.122807017544
57491,0.153846153846
57492,0.176029962547
57493,0.176029962547
57494,0.166666666667
57495,0.166666666667
57496,0.0630975143403
57497,0.0
57498,0.0
57499,0.0392156862745
57500,0.0
57501,0.0
57502,0.122807017544
57503,0.176029962547
57504,0.0630975143403
57505,0.0
57506,0.0392156862745
57507,0.0123456790123
57508,0.153846153846
57509,0.0
57510,0.230188679245
57511,0.166666666667
57512,0.176029962547
57513,0.166666666667
57514,0.153846153846
57515,0.272058823529
57516,0.0
57517,0.0
57518,0.164179104478
57519,0.0630975143403
57520,0.0392156862745
57521,0.0630975143403
57522,0.0630975143403
57523,0.166666666667
57524,0.153846153846
57525,0.0
57526,0.0
57527,0.176029962547
57528,0.176029962547
57529,0.0123456790123
57530,0.142857142857
57531,0.0123456790123
57532,0.0630975143403
57533,0.0630975143403
57534,0.0630975143403
57535,0.0630975143403
57536,0.0630975143403
57537,0.0
57538,0.164179104478
57539,0.0123456790123
57540,0.0630975143403
57541,0.0
57542,0.0888888888889
57543,0.272058823529
57544,0.0
57545,0.0
57546,0.164179104478
57547,0.176029962547
57548,0.176029962547
57549,0.153846153846
57550,0.0
57551,0.0
57552,0.0
57553,0.176029962547
57554,0.230188679245
57555,0.0909090909091
57556,0.0
57557,0.0
57558,0.0630975143403
57559,0.0392156862745
57560,0.0909090909091
57561,0.176029962547
57562,0.0630975143403
57563,0.1
57564,0.0630975143403
57565,0.0909090909091
57566,0.0630975143403
57567,0.0
57568,0.0630975143403
57569,0.0
57570,0.0123456790123
57571,0.153846153846
57572,0.0
57573,0.5
57574,0.166666666667
57575,0.0
57576,0.176029962547
57577,0.0
57578,0.0
57579,0.176029962547
57580,0.1
57581,0.0123456790123
57582,0.166666666667
57583,0.0123456790123
57584,0.0123456790123
57585,0.176029962547
57586,0.0630975143403
57587,0.0
57588,0.122807017544
57589,0.0630975143403
57590,0.176029962547
57591,0.176029962547
57592,0.166666666667
57593,0.0
57594,0.153846153846
57595,0.0888888888889
57596,0.176029962547
57597,0.0630975143403
57598,0.0123456790123
57599,0.0123456790123
57600,0.0630975143403
57601,0.0
57602,0.0
57603,0.272058823529
57604,0.142857142857
57605,0.4
57606,0.0630975143403
57607,0.0392156862745
57608,0.0123456790123
57609,0.230188679245
57610,0.0630975143403
57611,0.0888888888889
57612,0.0123456790123
57613,0.0
57614,0.0888888888889
57615,0.0123456790123
57616,0.162162162162
57617,0.176029962547
57618,0.0
57619,0.0
57620,0.176029962547
57621,0.0
57622,0.0
57623,0.166666666667
57624,0.230188679245
57625,0.230188679245
57626,0.0
57627,0.0630975143403
57628,0.0630975143403
57629,0.0392156862745
57630,0.176029962547
57631,0.0
57632,0.0123456790123
57633,0.153846153846
57634,0.230188679245
57635,0.0630975143403
57636,0.0
57637,0.153846153846
57638,0.0630975143403
57639,0.0630975143403
57640,0.166666666667
57641,0.0123456790123
57642,0.0630975143403
57643,0.0666666666667
57644,0.166666666667
57645,0.0909090909091
57646,0.0630975143403
57647,0.272058823529
57648,0.230188679245
57649,0.0
57650,0.0630975143403
57651,0.122807017544
57652,0.0
57653,0.230188679245
57654,0.0123456790123
57655,0.230188679245
57656,0.0123456790123
57657,0.0
57658,0.0
57659,0.0630975143403
57660,0.230188679245
57661,0.0123456790123
57662,0.164179104478
57663,0.122807017544
57664,0.230188679245
57665,0.166666666667
57666,0.230188679245
57667,0.0
57668,0.142857142857
57669,0.162162162162
57670,0.0
57671,0.0630975143403
57672,0.0
57673,0.0630975143403
57674,0.164179104478
57675,0.0630975143403
57676,0.0
57677,0.0123456790123
57678,0.1
57679,0.0
57680,0.0666666666667
57681,0.0
57682,0.0888888888889
57683,0.272058823529
57684,0.162162162162
57685,0.0630975143403
57686,0.0123456790123
57687,0.0
57688,0.0
57689,0.164179104478
57690,0.4
57691,0.0392156862745
57692,0.0123456790123
57693,0.0888888888889
57694,0.0123456790123
57695,0.0
57696,0.0392156862745
57697,0.0630975143403
57698,0.0
57699,0.230188679245
57700,0.0
57701,0.0909090909091
57702,0.230188679245
57703,0.0630975143403
57704,0.0
57705,0.164179104478
57706,0.230188679245
57707,0.0630975143403
57708,0.0123456790123
57709,0.0123456790123
57710,0.0123456790123
57711,0.0
57712,0.0123456790123
57713,0.0123456790123
57714,0.122807017544
57715,0.0
57716,0.0
57717,0.0
57718,0.122807017544
57719,0.0630975143403
57720,0.272058823529
57721,0.164179104478
57722,0.0630975143403
57723,0.1
57724,0.0630975143403
57725,0.0
57726,0.230188679245
57727,0.164179104478
57728,0.0123456790123
57729,0.142857142857
57730,0.0
57731,0.153846153846
57732,0.0123456790123
57733,0.230188679245
57734,0.0
57735,0.0888888888889
57736,0.0123456790123
57737,0.0630975143403
57738,0.0
57739,0.0630975143403
57740,0.0888888888889
57741,0.0123456790123
57742,0.230188679245
57743,0.166666666667
57744,0.5
57745,0.176029962547
57746,0.0123456790123
57747,0.176029962547
57748,0.0888888888889
57749,0.0123456790123
57750,0.0
57751,0.0
57752,0.0630975143403
57753,0.0
57754,0.0
57755,0.0888888888889
57756,0.122807017544
57757,0.1
57758,0.0
57759,0.0123456790123
57760,0.230188679245
57761,0.153846153846
57762,0.176029962547
57763,0.230188679245
57764,0.176029962547
57765,0.0123456790123
57766,0.0630975143403
57767,0.230188679245
57768,0.0888888888889
57769,0.1
57770,0.0
57771,0.0123456790123
57772,0.162162162162
57773,0.122807017544
57774,0.176029962547
57775,0.176029962547
57776,0.0
57777,0.1
57778,0.0630975143403
57779,0.0
57780,0.0630975143403
57781,0.166666666667
57782,0.0630975143403
57783,1.0
57784,0.0630975143403
57785,0.166666666667
57786,0.0630975143403
57787,0.0123456790123
57788,0.176029962547
57789,0.0630975143403
57790,0.0392156862745
57791,0.164179104478
57792,0.0123456790123
57793,0.0888888888889
57794,0.0
57795,0.0123456790123
57796,0.153846153846
57797,0.0123456790123
57798,0.166666666667
57799,0.0
57800,0.0666666666667
57801,0.0
57802,0.0630975143403
57803,0.0630975143403
57804,0.0909090909091
57805,0.0
57806,0.0630975143403
57807,0.176029962547
57808,0.162162162162
57809,0.0
57810,0.0630975143403
57811,0.176029962547
57812,0.176029962547
57813,0.142857142857
57814,0.1
57815,0.176029962547
57816,0.0
57817,0.0630975143403
57818,0.164179104478
57819,0.0
57820,0.0
57821,0.176029962547
57822,0.0
57823,0.4
57824,0.0123456790123
57825,1.0
57826,0.164179104478
57827,0.0123456790123
57828,0.0
57829,0.176029962547
57830,0.176029962547
57831,0.0
57832,0.0630975143403
57833,0.272058823529
57834,0.1
57835,0.272058823529
57836,0.0630975143403
57837,0.0630975143403
57838,0.0
57839,0.0630975143403
57840,0.176029962547
57841,0.176029962547
57842,0.1
57843,0.0630975143403
57844,0.0
57845,0.0888888888889
57846,0.1
57847,0.0123456790123
57848,0.176029962547
57849,0.176029962547
57850,0.0123456790123
57851,0.0123456790123
57852,0.0123456790123
57853,0.0630975143403
57854,0.0
57855,0.1
57856,0.0630975143403
57857,0.0630975143403
57858,0.0
57859,0.0123456790123
57860,0.176029962547
57861,0.0
57862,0.0
57863,0.0630975143403
57864,0.164179104478
57865,0.0
57866,0.0909090909091
57867,0.122807017544
57868,0.162162162162
57869,0.230188679245
57870,0.230188679245
57871,0.0392156862745
57872,0.0123456790123
57873,0.0888888888889
57874,0.0
57875,0.0630975143403
57876,0.0
57877,0.0
57878,0.0
57879,0.1
57880,0.0123456790123
57881,0.176029962547
57882,0.176029962547
57883,0.0123456790123
57884,0.0888888888889
57885,0.0
57886,0.0
57887,0.176029962547
57888,0.176029962547
57889,0.0123456790123
57890,0.176029962547
57891,0.0123456790123
57892,0.0
57893,0.0
57894,0.4
57895,0.230188679245
57896,0.0
57897,0.0
57898,0.176029962547
57899,0.0
57900,0.162162162162
57901,0.0
57902,0.0
57903,0.176029962547
57904,0.230188679245
57905,0.0630975143403
57906,0.0
57907,0.230188679245
57908,0.0
57909,0.0
57910,0.164179104478
57911,0.0888888888889
57912,0.1
57913,0.0
57914,0.0123456790123
57915,0.0630975143403
57916,0.0123456790123
57917,0.0
57918,0.153846153846
57919,0.0630975143403
57920,0.0123456790123
57921,0.0888888888889
57922,0.0
57923,0.0
57924,0.162162162162
57925,0.0
57926,0.0630975143403
57927,0.1
57928,0.0630975143403
57929,0.0630975143403
57930,0.0
57931,0.0123456790123
57932,0.176029962547
57933,0.428571428571
57934,0.230188679245
57935,0.166666666667
57936,0.0
57937,0.0
57938,0.0630975143403
57939,0.176029962547
57940,0.0
57941,0.230188679245
57942,0.0888888888889
57943,0.176029962547
57944,0.0630975143403
57945,0.0
57946,0.176029962547
57947,0.0
57948,0.0123456790123
57949,0.0
57950,0.0
57951,0.0630975143403
57952,0.0
57953,0.176029962547
57954,0.0
57955,0.0123456790123
57956,0.0
57957,0.0630975143403
57958,0.0
57959,0.0
57960,0.230188679245
57961,0.166666666667
57962,0.0
57963,0.0392156862745
57964,0.0123456790123
57965,0.0
57966,0.0909090909091
57967,0.0630975143403
57968,0.0630975143403
57969,0.0630975143403
57970,0.1
57971,0.0630975143403
57972,0.0
57973,0.1
57974,0.166666666667
57975,0.176029962547
57976,0.0123456790123
57977,0.0630975143403
57978,0.0630975143403
57979,0.4
57980,0.230188679245
57981,0.0
57982,0.0630975143403
57983,0.230188679245
57984,0.0630975143403
57985,0.0123456790123
57986,0.0
57987,0.0
57988,0.0630975143403
57989,0.0888888888889
57990,0.0630975143403
57991,0.0
57992,0.0123456790123
57993,0.0
57994,1.0
57995,0.0123456790123
57996,0.0123456790123
57997,0.0
57998,0.230188679245
57999,0.0
58000,0.0909090909091
58001,0.0
58002,0.176029962547
58003,0.0630975143403
58004,0.1
58005,0.0
58006,0.0630975143403
58007,0.0
58008,0.142857142857
58009,0.0
58010,0.1
58011,0.0123456790123
58012,0.0123456790123
58013,0.272058823529
58014,0.0
58015,0.0
58016,1.0
58017,0.0
58018,0.0
58019,0.0888888888889
58020,0.0
58021,0.0630975143403
58022,0.0
58023,0.1
58024,0.0630975143403
58025,0.0630975143403
58026,0.0
58027,0.0
58028,0.176029962547
58029,0.0
58030,0.0123456790123
58031,0.0
58032,0.0888888888889
58033,0.0
58034,0.176029962547
58035,0.176029962547
58036,0.166666666667
58037,0.122807017544
58038,0.0
58039,0.1
58040,0.0630975143403
58041,0.0
58042,0.0630975143403
58043,0.0
58044,0.1
58045,0.0630975143403
58046,0.0
58047,0.166666666667
58048,0.0630975143403
58049,0.0123456790123
58050,0.0392156862745
58051,0.0
58052,0.1
58053,0.176029962547
58054,0.176029962547
58055,0.176029962547
58056,0.0
58057,0.0
58058,0.0630975143403
58059,0.0
58060,0.0630975143403
58061,0.0123456790123
58062,0.230188679245
58063,0.142857142857
58064,0.272058823529
58065,0.0888888888889
58066,0.0
58067,0.0392156862745
58068,0.166666666667
58069,0.230188679245
58070,0.153846153846
58071,0.0123456790123
58072,0.0909090909091
58073,0.0630975143403
58074,0.0
58075,0.0630975143403
58076,0.0888888888889
58077,0.1
58078,0.0
58079,0.153846153846
58080,0.0
58081,0.0
58082,0.0630975143403
58083,0.166666666667
58084,0.1
58085,0.0630975143403
58086,0.0
58087,0.0123456790123
58088,0.0630975143403
58089,0.0123456790123
58090,0.176029962547
58091,0.164179104478
58092,0.0630975143403
58093,0.0
58094,0.0123456790123
58095,0.0
58096,0.0
58097,0.0630975143403
58098,0.0
58099,0.0123456790123
58100,0.0
58101,1.0
58102,0.0123456790123
58103,0.0909090909091
58104,0.230188679245
58105,0.0123456790123
58106,0.0123456790123
58107,0.0123456790123
58108,0.166666666667
58109,0.0123456790123
58110,0.0630975143403
58111,0.0392156862745
58112,0.0630975143403
58113,0.166666666667
58114,0.0123456790123
58115,0.122807017544
58116,0.0630975143403
58117,0.142857142857
58118,0.0
58119,0.0630975143403
58120,0.0123456790123
58121,0.0
58122,0.230188679245
58123,0.0
58124,0.0630975143403
58125,0.162162162162
58126,0.176029962547
58127,0.166666666667
58128,0.0630975143403
58129,0.166666666667
58130,0.0630975143403
58131,0.176029962547
58132,0.0123456790123
58133,0.162162162162
58134,0.230188679245
58135,0.153846153846
58136,0.176029962547
58137,0.0
58138,0.0630975143403
58139,0.0630975143403
58140,0.0
58141,0.1
58142,0.142857142857
58143,0.428571428571
58144,0.0630975143403
58145,0.0
58146,0.0630975143403
58147,0.176029962547
58148,0.162162162162
58149,0.0123456790123
58150,0.0630975143403
58151,0.0123456790123
58152,0.230188679245
58153,0.0123456790123
58154,0.0
58155,0.142857142857
58156,0.0
58157,1.0
58158,0.0630975143403
58159,0.176029962547
58160,0.176029962547
58161,0.176029962547
58162,0.0630975143403
58163,0.0
58164,0.0
58165,0.0
58166,0.0630975143403
58167,0.0
58168,0.0630975143403
58169,0.0
58170,0.0
58171,0.230188679245
58172,0.176029962547
58173,0.0630975143403
58174,0.0
58175,0.0
58176,0.0
58177,0.0630975143403
58178,0.0
58179,0.0
58180,0.5
58181,0.0
58182,0.166666666667
58183,0.176029962547
58184,0.0
58185,0.0
58186,0.0
58187,0.0630975143403
58188,0.230188679245
58189,0.0123456790123
58190,0.0630975143403
58191,0.176029962547
58192,0.230188679245
58193,0.272058823529
58194,0.0
58195,0.0
58196,0.0
58197,0.0
58198,0.0
58199,0.164179104478
58200,0.0
58201,0.176029962547
58202,0.176029962547
58203,0.162162162162
58204,0.0123456790123
58205,0.0
58206,0.0630975143403
58207,0.0123456790123
58208,0.176029962547
58209,0.162162162162
58210,0.176029962547
58211,0.0
58212,0.0
58213,0.0630975143403
58214,0.0888888888889
58215,0.0630975143403
58216,0.176029962547
58217,0.0630975143403
58218,0.5
58219,0.0630975143403
58220,0.5
58221,0.0
58222,0.0
58223,0.176029962547
58224,0.0
58225,0.0
58226,0.0392156862745
58227,0.0
58228,0.230188679245
58229,0.4
58230,0.230188679245
58231,0.153846153846
58232,0.176029962547
58233,0.0123456790123
58234,0.0630975143403
58235,0.0888888888889
58236,0.0630975143403
58237,0.0
58238,0.0
58239,0.384615384615
58240,0.230188679245
58241,0.0630975143403
58242,0.0
58243,0.0
58244,0.164179104478
58245,0.0
58246,0.0630975143403
58247,0.0
58248,0.153846153846
58249,0.0909090909091
58250,0.176029962547
58251,0.1
58252,0.176029962547
58253,0.166666666667
58254,0.0630975143403
58255,0.176029962547
58256,0.0392156862745
58257,0.0
58258,0.166666666667
58259,0.0123456790123
58260,0.0
58261,0.0
58262,0.0888888888889
58263,0.176029962547
58264,0.0123456790123
58265,0.0630975143403
58266,0.0
58267,0.0
58268,0.0123456790123
58269,0.181818181818
58270,0.164179104478
58271,0.0123456790123
58272,0.0
58273,0.153846153846
58274,0.0
58275,0.0630975143403
58276,0.0630975143403
58277,0.0
58278,0.0
58279,0.230188679245
58280,0.176029962547
58281,0.0
58282,0.0888888888889
58283,0.0
58284,0.122807017544
58285,0.0
58286,0.0
58287,0.0123456790123
58288,0.0123456790123
58289,0.0630975143403
58290,0.164179104478
58291,0.230188679245
58292,0.0123456790123
58293,0.0
58294,0.1
58295,0.5
58296,0.0888888888889
58297,0.0888888888889
58298,0.0
58299,0.0
58300,0.0
58301,0.0
58302,0.166666666667
58303,0.272058823529
58304,0.0
58305,0.0
58306,0.0
58307,0.153846153846
58308,0.0
58309,0.0630975143403
58310,0.0
58311,0.0
58312,0.176029962547
58313,0.0
58314,0.0630975143403
58315,0.0
58316,0.0123456790123
58317,0.166666666667
58318,0.0630975143403
58319,0.0
58320,0.0
58321,0.0
58322,0.0630975143403
58323,0.0630975143403
58324,0.0
58325,0.122807017544
58326,0.166666666667
58327,0.0123456790123
58328,0.0123456790123
58329,0.0630975143403
58330,0.122807017544
58331,0.1
58332,0.181818181818
58333,0.0630975143403
58334,0.0630975143403
58335,0.0
58336,0.230188679245
58337,0.0630975143403
58338,0.0888888888889
58339,0.0630975143403
58340,0.0630975143403
58341,0.0888888888889
58342,0.0630975143403
58343,0.0
58344,0.0
58345,0.0888888888889
58346,0.162162162162
58347,0.0
58348,0.0630975143403
58349,0.0
58350,0.0630975143403
58351,0.0630975143403
58352,0.0
58353,0.142857142857
58354,0.0
58355,0.166666666667
58356,0.230188679245
58357,0.0630975143403
58358,0.0630975143403
58359,0.230188679245
58360,0.122807017544
58361,0.0392156862745
58362,0.0
58363,0.230188679245
58364,0.0
58365,0.0392156862745
58366,0.0
58367,0.230188679245
58368,0.230188679245
58369,0.0
58370,0.0123456790123
58371,0.0888888888889
58372,0.122807017544
58373,0.0630975143403
58374,0.0
58375,0.0
58376,0.1
58377,0.0630975143403
58378,0.230188679245
58379,0.0
58380,0.142857142857
58381,0.0630975143403
58382,0.0123456790123
58383,0.0
58384,0.0123456790123
58385,0.0888888888889
58386,0.0
58387,0.164179104478
58388,0.0630975143403
58389,0.0
58390,0.142857142857
58391,0.0392156862745
58392,0.0
58393,0.122807017544
58394,0.0
58395,0.0630975143403
58396,0.0630975143403
58397,0.272058823529
58398,0.0
58399,0.0630975143403
58400,0.0
58401,0.176029962547
58402,0.0630975143403
58403,0.176029962547
58404,0.176029962547
58405,0.153846153846
58406,0.0123456790123
58407,0.0
58408,0.1
58409,0.0
58410,0.176029962547
58411,0.176029962547
58412,0.176029962547
58413,0.0392156862745
58414,0.0630975143403
58415,0.176029962547
58416,0.0
58417,0.0
58418,0.0
58419,0.0123456790123
58420,0.0
58421,0.176029962547
58422,0.176029962547
58423,0.4
58424,0.176029962547
58425,0.230188679245
58426,0.0
58427,0.0888888888889
58428,0.0630975143403
58429,0.0
58430,0.0630975143403
58431,0.176029962547
58432,0.0
58433,0.1
58434,0.272058823529
58435,0.0
58436,0.0
58437,0.0888888888889
58438,0.1
58439,0.0630975143403
58440,0.0630975143403
58441,0.176029962547
58442,0.0630975143403
58443,0.176029962547
58444,0.176029962547
58445,0.1
58446,0.153846153846
58447,0.0630975143403
58448,0.176029962547
58449,0.1
58450,0.230188679245
58451,0.0123456790123
58452,0.0630975143403
58453,0.176029962547
58454,0.0123456790123
58455,0.0123456790123
58456,0.0
58457,0.0
58458,0.0
58459,0.0
58460,0.0
58461,0.230188679245
58462,0.0
58463,0.0123456790123
58464,0.0
58465,1.0
58466,0.0123456790123
58467,0.0123456790123
58468,0.0630975143403
58469,0.230188679245
58470,0.176029962547
58471,0.176029962547
58472,0.0
58473,0.0888888888889
58474,0.230188679245
58475,0.0
58476,0.0
58477,0.0888888888889
58478,0.0
58479,0.0123456790123
58480,0.0
58481,0.1
58482,0.176029962547
58483,0.0
58484,0.272058823529
58485,0.0
58486,0.176029962547
58487,0.166666666667
58488,0.176029962547
58489,0.0888888888889
58490,0.0630975143403
58491,0.0
58492,0.0392156862745
58493,0.0
58494,0.0123456790123
58495,0.0630975143403
58496,0.0888888888889
58497,0.1
58498,0.0
58499,0.0
58500,0.0
58501,0.0630975143403
58502,0.0630975143403
58503,0.0
58504,0.162162162162
58505,0.1
58506,0.0
58507,0.166666666667
58508,0.0
58509,0.1
58510,0.230188679245
58511,0.0888888888889
58512,0.0
58513,0.0630975143403
58514,0.162162162162
58515,0.1
58516,0.0888888888889
58517,0.0
58518,0.0630975143403
58519,0.0
58520,0.0123456790123
58521,0.0
58522,0.0392156862745
58523,0.176029962547
58524,0.0123456790123
58525,0.162162162162
58526,0.0630975143403
58527,0.1
58528,0.230188679245
58529,0.0
58530,0.176029962547
58531,0.166666666667
58532,0.0
58533,0.4
58534,0.0888888888889
58535,0.0630975143403
58536,0.230188679245
58537,0.0
58538,0.164179104478
58539,0.0630975143403
58540,0.0630975143403
58541,0.0123456790123
58542,0.162162162162
58543,0.0
58544,0.0
58545,0.0630975143403
58546,0.0
58547,0.166666666667
58548,0.0630975143403
58549,0.153846153846
58550,0.0630975143403
58551,0.0
58552,0.0123456790123
58553,0.0909090909091
58554,0.176029962547
58555,0.0630975143403
58556,0.0123456790123
58557,0.0
58558,0.0
58559,0.0630975143403
58560,0.0
58561,0.142857142857
58562,0.0
58563,0.0
58564,0.0
58565,0.0
58566,0.0
58567,0.176029962547
58568,0.0888888888889
58569,0.4
58570,1.0
58571,0.0123456790123
58572,0.0630975143403
58573,0.0
58574,0.0
58575,0.164179104478
58576,0.166666666667
58577,0.176029962547
58578,0.0
58579,0.181818181818
58580,0.142857142857
58581,0.0123456790123
58582,0.0
58583,0.0123456790123
58584,0.0123456790123
58585,0.0630975143403
58586,0.1
58587,0.0630975143403
58588,0.0630975143403
58589,0.0
58590,0.0
58591,0.0
58592,0.176029962547
58593,0.230188679245
58594,0.166666666667
58595,0.0
58596,0.0123456790123
58597,0.0
58598,0.176029962547
58599,0.0
58600,0.0630975143403
58601,0.0630975143403
58602,0.0630975143403
58603,0.0392156862745
58604,0.176029962547
58605,0.5
58606,0.0
58607,0.0
58608,0.0
58609,0.0
58610,0.0392156862745
58611,0.176029962547
58612,0.0888888888889
58613,0.176029962547
58614,0.162162162162
58615,0.0392156862745
58616,0.1
58617,0.0630975143403
58618,0.0
58619,1.0
58620,0.153846153846
58621,0.0630975143403
58622,0.0630975143403
58623,0.176029962547
58624,0.0
58625,0.0
58626,0.0630975143403
58627,0.0
58628,0.0
58629,0.0630975143403
58630,0.176029962547
58631,0.0123456790123
58632,0.0630975143403
58633,0.166666666667
58634,0.166666666667
58635,0.0630975143403
58636,0.0
58637,0.0
58638,0.0123456790123
58639,0.272058823529
58640,0.0392156862745
58641,0.0630975143403
58642,0.122807017544
58643,0.0
58644,0.0
58645,0.0630975143403
58646,0.0
58647,0.0
58648,0.166666666667
58649,0.0630975143403
58650,0.166666666667
58651,0.0630975143403
58652,0.0123456790123
58653,0.0630975143403
58654,0.0888888888889
58655,0.164179104478
58656,0.0123456790123
58657,0.0630975143403
58658,0.0888888888889
58659,0.0
58660,0.230188679245
58661,1.0
58662,0.0630975143403
58663,0.0
58664,0.0630975143403
58665,0.0
58666,0.1
58667,0.164179104478
58668,0.0
58669,0.0123456790123
58670,0.230188679245
58671,0.0392156862745
58672,1.0
58673,0.166666666667
58674,0.0123456790123
58675,0.230188679245
58676,0.0630975143403
58677,0.176029962547
58678,0.164179104478
58679,0.230188679245
58680,0.176029962547
58681,0.0
58682,0.0630975143403
58683,0.0
58684,0.0630975143403
58685,0.0
58686,0.0123456790123
58687,0.0
58688,0.0630975143403
58689,0.0
58690,0.0
58691,0.176029962547
58692,0.0123456790123
58693,0.0123456790123
58694,0.176029962547
58695,0.0888888888889
58696,0.1
58697,0.176029962547
58698,0.0
58699,0.1
58700,0.176029962547
58701,0.0
58702,0.0
58703,0.0
58704,0.0123456790123
58705,0.5
58706,0.176029962547
58707,0.1
58708,0.0630975143403
58709,0.176029962547
58710,0.0630975143403
58711,0.0123456790123
58712,0.0888888888889
58713,0.176029962547
58714,0.176029962547
58715,1.0
58716,0.0
58717,0.0392156862745
58718,0.0630975143403
58719,0.176029962547
58720,0.176029962547
58721,0.0123456790123
58722,0.0630975143403
58723,0.1
58724,0.166666666667
58725,0.0
58726,0.0
58727,0.0123456790123
58728,0.0888888888889
58729,0.0
58730,0.0909090909091
58731,0.0630975143403
58732,0.0
58733,0.0630975143403
58734,0.0630975143403
58735,0.0123456790123
58736,0.176029962547
58737,0.0123456790123
58738,0.230188679245
58739,0.176029962547
58740,0.1
58741,0.1
58742,0.166666666667
58743,0.166666666667
58744,0.0
58745,0.0
58746,0.1
58747,0.0123456790123
58748,0.166666666667
58749,0.0888888888889
58750,0.0630975143403
58751,0.0630975143403
58752,0.176029962547
58753,0.176029962547
58754,0.230188679245
58755,0.153846153846
58756,0.176029962547
58757,0.0630975143403
58758,0.0630975143403
58759,0.0630975143403
58760,0.166666666667
58761,0.0
58762,0.142857142857
58763,0.176029962547
58764,0.0
58765,0.0123456790123
58766,0.162162162162
58767,0.0
58768,0.0630975143403
58769,0.176029962547
58770,0.176029962547
58771,0.0
58772,0.0
58773,0.0123456790123
58774,0.0909090909091
58775,0.0123456790123
58776,0.1
58777,0.0123456790123
58778,0.0
58779,0.0
58780,0.0630975143403
58781,0.0
58782,0.0123456790123
58783,0.1
58784,0.0392156862745
58785,0.176029962547
58786,0.0
58787,0.0630975143403
58788,0.176029962547
58789,0.0630975143403
58790,0.0
58791,0.0123456790123
58792,0.0
58793,0.0123456790123
58794,0.0630975143403
58795,0.0
58796,0.176029962547
58797,0.166666666667
58798,0.0888888888889
58799,0.166666666667
58800,0.0123456790123
58801,0.0
58802,0.0
58803,0.0
58804,0.0888888888889
58805,0.0123456790123
58806,0.176029962547
58807,0.0630975143403
58808,0.230188679245
58809,0.176029962547
58810,0.272058823529
58811,0.0
58812,0.0909090909091
58813,0.176029962547
58814,0.176029962547
58815,0.166666666667
58816,0.166666666667
58817,0.0
58818,0.0630975143403
58819,0.0630975143403
58820,0.0123456790123
58821,0.176029962547
58822,0.166666666667
58823,0.0
58824,0.0
58825,1.0
58826,0.0630975143403
58827,0.0
58828,0.166666666667
58829,0.0630975143403
58830,0.0123456790123
58831,0.0630975143403
58832,0.1
58833,0.0630975143403
58834,0.0630975143403
58835,0.0630975143403
58836,0.0
58837,0.166666666667
58838,0.0
58839,0.4
58840,0.0
58841,0.0123456790123
58842,0.0888888888889
58843,0.176029962547
58844,0.0123456790123
58845,0.230188679245
58846,0.0
58847,0.0
58848,0.0
58849,0.1
58850,0.0
58851,0.0630975143403
58852,0.0123456790123
58853,0.176029962547
58854,0.0630975143403
58855,0.0
58856,0.176029962547
58857,0.0
58858,0.166666666667
58859,0.0630975143403
58860,0.0
58861,0.1
58862,0.0
58863,0.0
58864,0.0
58865,0.0630975143403
58866,0.122807017544
58867,0.164179104478
58868,0.176029962547
58869,0.4
58870,0.166666666667
58871,0.0
58872,0.0
58873,0.230188679245
58874,0.0
58875,0.0
58876,0.230188679245
58877,0.176029962547
58878,0.0
58879,0.176029962547
58880,0.166666666667
58881,0.0630975143403
58882,0.0
58883,0.166666666667
58884,0.0123456790123
58885,0.0630975143403
58886,0.0
58887,0.0392156862745
58888,0.0123456790123
58889,0.0888888888889
58890,0.0909090909091
58891,0.176029962547
58892,0.0
58893,0.0630975143403
58894,0.0123456790123
58895,0.166666666667
58896,0.0
58897,0.0909090909091
58898,0.230188679245
58899,0.0
58900,0.176029962547
58901,0.0888888888889
58902,0.0630975143403
58903,0.0123456790123
58904,0.0
58905,0.1
58906,0.0
58907,0.0
58908,0.0
58909,0.428571428571
58910,0.0392156862745
58911,0.0630975143403
58912,0.0630975143403
58913,0.230188679245
58914,0.0392156862745
58915,0.1
58916,0.162162162162
58917,0.162162162162
58918,0.0
58919,0.0
58920,1.0
58921,0.0123456790123
58922,0.0630975143403
58923,0.1
58924,0.0123456790123
58925,0.1
58926,0.166666666667
58927,0.0630975143403
58928,0.0123456790123
58929,0.1
58930,0.0
58931,0.0
58932,0.0
58933,0.0
58934,0.0
58935,0.0
58936,0.1
58937,0.122807017544
58938,0.166666666667
58939,0.0630975143403
58940,0.0909090909091
58941,0.0
58942,0.0630975143403
58943,0.176029962547
58944,0.0630975143403
58945,0.0
58946,0.0123456790123
58947,0.176029962547
58948,0.230188679245
58949,0.0123456790123
58950,0.176029962547
58951,0.0
58952,0.0630975143403
58953,0.0123456790123
58954,0.1
58955,0.1
58956,0.0
58957,0.166666666667
58958,0.0
58959,0.0630975143403
58960,0.176029962547
58961,0.153846153846
58962,0.0
58963,0.0123456790123
58964,0.230188679245
58965,0.0123456790123
58966,0.162162162162
58967,0.0630975143403
58968,0.0630975143403
58969,0.0
58970,0.176029962547
58971,0.0630975143403
58972,0.0
58973,0.142857142857
58974,0.176029962547
58975,0.0630975143403
58976,0.122807017544
58977,0.176029962547
58978,0.0123456790123
58979,1.0
58980,0.0888888888889
58981,0.0392156862745
58982,0.5
58983,0.176029962547
58984,0.5
58985,0.0
58986,0.0
58987,0.176029962547
58988,0.0630975143403
58989,0.1
58990,0.0
58991,0.0
58992,0.166666666667
58993,0.0630975143403
58994,0.4
58995,0.230188679245
58996,0.0630975143403
58997,0.0
58998,0.164179104478
58999,0.0
59000,0.0392156862745
59001,0.166666666667
59002,0.176029962547
59003,0.122807017544
59004,0.0888888888889
59005,0.0123456790123
59006,0.0123456790123
59007,0.0630975143403
59008,0.0630975143403
59009,0.0123456790123
59010,0.0123456790123
59011,0.272058823529
59012,0.272058823529
59013,0.0909090909091
59014,0.0630975143403
59015,0.0
59016,0.0630975143403
59017,0.0
59018,0.166666666667
59019,0.176029962547
59020,0.0
59021,0.0630975143403
59022,0.0630975143403
59023,0.0
59024,0.176029962547
59025,0.230188679245
59026,0.0
59027,0.0
59028,0.0
59029,0.0
59030,0.0123456790123
59031,0.0888888888889
59032,0.0630975143403
59033,0.0630975143403
59034,0.0123456790123
59035,0.1
59036,0.0
59037,0.164179104478
59038,0.0630975143403
59039,0.0888888888889
59040,0.0630975143403
59041,0.0888888888889
59042,0.0630975143403
59043,0.0
59044,0.0
59045,0.153846153846
59046,0.0123456790123
59047,0.0
59048,0.230188679245
59049,0.0
59050,0.0392156862745
59051,0.0
59052,0.176029962547
59053,0.0
59054,0.0
59055,0.0909090909091
59056,0.164179104478
59057,0.0123456790123
59058,0.0
59059,0.0630975143403
59060,0.0888888888889
59061,0.0392156862745
59062,0.0
59063,0.230188679245
59064,0.0888888888889
59065,0.5
59066,0.0630975143403
59067,0.166666666667
59068,0.0123456790123
59069,0.0
59070,0.0392156862745
59071,0.0
59072,0.0123456790123
59073,0.0
59074,0.0
59075,0.0123456790123
59076,0.166666666667
59077,0.0630975143403
59078,0.4
59079,0.0
59080,0.230188679245
59081,0.230188679245
59082,0.0123456790123
59083,0.0123456790123
59084,0.0123456790123
59085,0.0
59086,0.0630975143403
59087,0.0630975143403
59088,0.0630975143403
59089,0.0123456790123
59090,0.0630975143403
59091,0.0123456790123
59092,0.0123456790123
59093,0.0630975143403
59094,0.0123456790123
59095,0.0
59096,0.0
59097,0.0123456790123
59098,0.0
59099,0.0123456790123
59100,1.0
59101,0.0630975143403
59102,0.0392156862745
59103,0.0123456790123
59104,0.0630975143403
59105,0.176029962547
59106,0.0
59107,0.0123456790123
59108,0.176029962547
59109,0.122807017544
59110,0.0630975143403
59111,0.176029962547
59112,0.0
59113,0.0
59114,0.0
59115,0.0123456790123
59116,0.5
59117,0.0
59118,0.176029962547
59119,0.0
59120,0.0630975143403
59121,0.0888888888889
59122,0.0
59123,0.176029962547
59124,0.176029962547
59125,0.122807017544
59126,0.272058823529
59127,0.0123456790123
59128,0.0
59129,0.0630975143403
59130,1.0
59131,0.0630975143403
59132,0.0630975143403
59133,0.0630975143403
59134,0.0123456790123
59135,0.166666666667
59136,0.0
59137,0.0
59138,0.176029962547
59139,0.166666666667
59140,0.166666666667
59141,0.176029962547
59142,0.153846153846
59143,0.0123456790123
59144,0.0630975143403
59145,0.0
59146,0.0888888888889
59147,0.0123456790123
59148,0.0630975143403
59149,0.0888888888889
59150,0.176029962547
59151,0.176029962547
59152,0.0630975143403
59153,0.176029962547
59154,0.1
59155,0.176029962547
59156,0.0
59157,0.0630975143403
59158,0.0
59159,0.0888888888889
59160,0.0
59161,0.0
59162,0.0
59163,0.0
59164,0.0
59165,0.176029962547
59166,0.0630975143403
59167,0.176029962547
59168,0.0
59169,0.0123456790123
59170,0.166666666667
59171,0.176029962547
59172,0.1
59173,0.176029962547
59174,0.0630975143403
59175,0.0630975143403
59176,0.0
59177,0.0
59178,0.0888888888889
59179,0.166666666667
59180,0.164179104478
59181,0.0
59182,0.176029962547
59183,0.164179104478
59184,0.0
59185,0.0630975143403
59186,0.0123456790123
59187,0.0123456790123
59188,0.0
59189,0.272058823529
59190,0.176029962547
59191,0.0630975143403
59192,0.176029962547
59193,0.0123456790123
59194,0.0123456790123
59195,0.142857142857
59196,0.0123456790123
59197,0.176029962547
59198,0.0
59199,0.0888888888889
59200,0.166666666667
59201,0.176029962547
59202,0.0
59203,0.0
59204,0.0630975143403
59205,0.0630975143403
59206,0.166666666667
59207,0.166666666667
59208,0.176029962547
59209,0.0
59210,0.153846153846
59211,0.176029962547
59212,0.176029962547
59213,0.176029962547
59214,0.0
59215,0.176029962547
59216,0.176029962547
59217,0.164179104478
59218,0.176029962547
59219,0.0630975143403
59220,0.122807017544
59221,0.0
59222,0.0
59223,0.0
59224,0.0
59225,0.0888888888889
59226,0.0
59227,0.0
59228,0.0123456790123
59229,0.230188679245
59230,0.0
59231,0.230188679245
59232,0.0909090909091
59233,0.0
59234,0.0
59235,0.0630975143403
59236,0.0630975143403
59237,0.0630975143403
59238,0.176029962547
59239,0.176029962547
59240,0.0
59241,0.0630975143403
59242,0.0123456790123
59243,0.0888888888889
59244,0.0123456790123
59245,0.0630975143403
59246,0.0630975143403
59247,0.176029962547
59248,0.0123456790123
59249,0.0
59250,0.272058823529
59251,0.230188679245
59252,0.0392156862745
59253,0.176029962547
59254,0.166666666667
59255,0.0630975143403
59256,0.0
59257,0.0123456790123
59258,0.0
59259,0.0
59260,0.176029962547
59261,0.1
59262,0.0
59263,0.166666666667
59264,1.0
59265,0.0630975143403
59266,0.0
59267,0.0630975143403
59268,0.122807017544
59269,0.0
59270,0.0630975143403
59271,0.1
59272,0.1
59273,0.0123456790123
59274,0.0
59275,0.0123456790123
59276,0.176029962547
59277,0.1
59278,0.0
59279,0.1
59280,0.230188679245
59281,0.0123456790123
59282,0.1
59283,0.0630975143403
59284,0.166666666667
59285,0.0
59286,0.0
59287,0.0
59288,0.176029962547
59289,0.230188679245
59290,0.0
59291,0.166666666667
59292,0.0392156862745
59293,0.176029962547
59294,0.0
59295,0.1
59296,0.0
59297,0.0
59298,0.166666666667
59299,0.1
59300,0.0630975143403
59301,0.0392156862745
59302,0.0123456790123
59303,0.0
59304,0.0
59305,0.0
59306,0.0
59307,0.0123456790123
59308,0.0630975143403
59309,0.176029962547
59310,0.0
59311,0.0630975143403
59312,0.0
59313,0.0
59314,0.0630975143403
59315,0.0
59316,0.0888888888889
59317,0.230188679245
59318,0.176029962547
59319,0.176029962547
59320,0.176029962547
59321,0.0
59322,0.0630975143403
59323,0.1
59324,0.122807017544
59325,0.0123456790123
59326,0.0630975143403
59327,0.0888888888889
59328,0.0123456790123
59329,0.0123456790123
59330,0.0123456790123
59331,0.0123456790123
59332,0.0392156862745
59333,0.153846153846
59334,0.122807017544
59335,0.0
59336,0.153846153846
59337,0.0123456790123
59338,0.0888888888889
59339,0.0630975143403
59340,0.0630975143403
59341,0.0123456790123
59342,0.176029962547
59343,0.1
59344,0.230188679245
59345,0.0123456790123
59346,0.0123456790123
59347,0.0
59348,0.176029962547
59349,0.0123456790123
59350,0.1
59351,0.1
59352,0.1
59353,0.0
59354,0.0630975143403
59355,0.0630975143403
59356,0.0123456790123
59357,0.1
59358,0.0123456790123
59359,0.0
59360,0.0
59361,0.0630975143403
59362,0.230188679245
59363,0.0
59364,0.0123456790123
59365,0.0630975143403
59366,0.0630975143403
59367,0.122807017544
59368,0.0
59369,0.0630975143403
59370,0.0630975143403
59371,0.176029962547
59372,0.0630975143403
59373,0.0
59374,0.0
59375,0.4
59376,0.176029962547
59377,0.0
59378,0.0
59379,0.0
59380,0.0123456790123
59381,0.162162162162
59382,0.1
59383,0.0
59384,0.0888888888889
59385,0.0
59386,0.0
59387,0.176029962547
59388,0.0
59389,0.0392156862745
59390,0.176029962547
59391,0.0392156862745
59392,0.0630975143403
59393,0.162162162162
59394,0.0
59395,0.0123456790123
59396,0.0
59397,0.0
59398,0.176029962547
59399,0.0630975143403
59400,0.166666666667
59401,0.1
59402,0.0630975143403
59403,0.0
59404,0.0
59405,0.230188679245
59406,0.0
59407,0.0
59408,0.1
59409,0.153846153846
59410,0.0
59411,1.0
59412,0.0123456790123
59413,0.0
59414,0.0630975143403
59415,0.0
59416,0.230188679245
59417,0.176029962547
59418,0.0888888888889
59419,0.0630975143403
59420,0.0888888888889
59421,0.0
59422,0.1
59423,0.0630975143403
59424,0.1
59425,0.176029962547
59426,0.272058823529
59427,0.0
59428,0.0
59429,0.0630975143403
59430,0.176029962547
59431,0.0888888888889
59432,0.0
59433,0.0
59434,0.0123456790123
59435,0.0392156862745
59436,0.0123456790123
59437,0.230188679245
59438,0.0
59439,0.230188679245
59440,0.0630975143403
59441,0.0630975143403
59442,0.0392156862745
59443,0.0123456790123
59444,0.0
59445,0.0123456790123
59446,0.0630975143403
59447,0.0888888888889
59448,0.0
59449,0.0
59450,0.0123456790123
59451,0.0123456790123
59452,0.0888888888889
59453,0.176029962547
59454,0.176029962547
59455,0.0
59456,0.0630975143403
59457,0.0123456790123
59458,0.0123456790123
59459,0.0
59460,0.1
59461,0.0
59462,0.272058823529
59463,0.0
59464,0.0123456790123
59465,0.0630975143403
59466,0.0630975143403
59467,0.166666666667
59468,0.230188679245
59469,0.0123456790123
59470,0.0630975143403
59471,0.4
59472,0.0
59473,0.0123456790123
59474,0.0630975143403
59475,0.0
59476,0.162162162162
59477,0.0123456790123
59478,0.0630975143403
59479,0.0
59480,0.0
59481,0.1
59482,0.164179104478
59483,0.0
59484,0.0630975143403
59485,0.0630975143403
59486,0.0630975143403
59487,0.176029962547
59488,0.0888888888889
59489,0.0
59490,0.176029962547
59491,0.176029962547
59492,0.0630975143403
59493,0.0630975143403
59494,0.1
59495,0.176029962547
59496,0.0630975143403
59497,0.176029962547
59498,0.0
59499,0.230188679245
59500,0.0909090909091
59501,0.0630975143403
59502,0.0666666666667
59503,0.0630975143403
59504,0.166666666667
59505,0.1
59506,0.0
59507,0.176029962547
59508,0.0392156862745
59509,0.0
59510,0.176029962547
59511,0.176029962547
59512,0.1
59513,0.0
59514,0.0
59515,0.0630975143403
59516,0.0
59517,0.0123456790123
59518,0.164179104478
59519,0.0
59520,0.0
59521,0.0888888888889
59522,0.0
59523,0.176029962547
59524,0.176029962547
59525,0.0
59526,0.0
59527,0.142857142857
59528,0.0888888888889
59529,0.0
59530,0.0630975143403
59531,0.0
59532,0.0
59533,0.164179104478
59534,0.0
59535,0.0630975143403
59536,0.176029962547
59537,0.166666666667
59538,0.272058823529
59539,0.0
59540,0.0888888888889
59541,0.0123456790123
59542,0.176029962547
59543,0.0
59544,0.142857142857
59545,0.0
59546,0.176029962547
59547,0.176029962547
59548,0.164179104478
59549,0.1
59550,0.0123456790123
59551,0.0888888888889
59552,0.5
59553,0.5
59554,0.0
59555,0.0
59556,0.0123456790123
59557,0.0
59558,0.0123456790123
59559,0.0630975143403
59560,0.0630975143403
59561,0.230188679245
59562,0.0
59563,1.0
59564,0.0
59565,0.0
59566,0.176029962547
59567,0.0
59568,0.0
59569,0.0888888888889
59570,0.176029962547
59571,0.0392156862745
59572,0.0630975143403
59573,0.0
59574,0.176029962547
59575,0.176029962547
59576,0.0123456790123
59577,0.142857142857
59578,0.0123456790123
59579,0.176029962547
59580,0.176029962547
59581,0.0123456790123
59582,0.0
59583,0.0630975143403
59584,0.122807017544
59585,0.0
59586,0.0909090909091
59587,0.5
59588,0.0
59589,0.0
59590,0.0
59591,0.0666666666667
59592,0.0630975143403
59593,0.0
59594,0.0
59595,0.176029962547
59596,0.176029962547
59597,0.164179104478
59598,0.0
59599,0.230188679245
59600,0.176029962547
59601,0.0123456790123
59602,0.176029962547
59603,0.153846153846
59604,0.166666666667
59605,0.0
59606,0.166666666667
59607,0.0
59608,0.0
59609,0.176029962547
59610,0.0
59611,0.122807017544
59612,0.0630975143403
59613,0.176029962547
59614,0.0630975143403
59615,0.0888888888889
59616,0.176029962547
59617,0.0
59618,0.0909090909091
59619,0.0
59620,0.0
59621,0.0630975143403
59622,0.0
59623,0.0630975143403
59624,0.0
59625,0.0630975143403
59626,0.0630975143403
59627,0.0
59628,0.0
59629,0.0
59630,0.166666666667
59631,0.272058823529
59632,0.0
59633,0.0630975143403
59634,0.0
59635,0.0
59636,0.0630975143403
59637,0.0123456790123
59638,0.0630975143403
59639,0.153846153846
59640,0.0
59641,0.164179104478
59642,0.0
59643,0.122807017544
59644,0.0
59645,0.0888888888889
59646,0.0630975143403
59647,0.0630975143403
59648,0.0
59649,0.0888888888889
59650,0.0123456790123
59651,0.0630975143403
59652,0.0630975143403
59653,0.0123456790123
59654,0.0123456790123
59655,0.164179104478
59656,0.0630975143403
59657,0.272058823529
59658,0.0
59659,0.166666666667
59660,0.122807017544
59661,0.0
59662,0.0
59663,0.0
59664,0.153846153846
59665,0.0
59666,0.0123456790123
59667,0.0630975143403
59668,0.176029962547
59669,0.176029962547
59670,0.0123456790123
59671,0.0888888888889
59672,0.0630975143403
59673,0.0
59674,0.0
59675,0.0
59676,0.0
59677,0.0
59678,0.0123456790123
59679,0.272058823529
59680,0.0123456790123
59681,0.0
59682,0.230188679245
59683,0.0123456790123
59684,0.0
59685,0.166666666667
59686,0.0
59687,0.164179104478
59688,0.0392156862745
59689,0.142857142857
59690,0.0
59691,0.0630975143403
59692,0.230188679245
59693,0.166666666667
59694,0.0
59695,0.0123456790123
59696,0.0
59697,0.0
59698,0.0888888888889
59699,0.0630975143403
59700,0.0
59701,0.0
59702,0.0630975143403
59703,0.0
59704,0.0
59705,0.176029962547
59706,0.0630975143403
59707,0.0123456790123
59708,0.0123456790123
59709,0.0630975143403
59710,0.0
59711,0.0123456790123
59712,0.0630975143403
59713,0.0123456790123
59714,0.0630975143403
59715,0.0123456790123
59716,0.166666666667
59717,0.0909090909091
59718,0.0
59719,0.1
59720,0.0123456790123
59721,0.0123456790123
59722,0.0909090909091
59723,0.0888888888889
59724,0.176029962547
59725,0.0630975143403
59726,0.0123456790123
59727,0.0630975143403
59728,0.0888888888889
59729,0.0630975143403
59730,0.0630975143403
59731,0.0888888888889
59732,0.0
59733,0.0630975143403
59734,0.0392156862745
59735,0.0
59736,0.0123456790123
59737,0.0
59738,0.230188679245
59739,0.0
59740,0.272058823529
59741,0.0630975143403
59742,0.0630975143403
59743,0.0630975143403
59744,0.0
59745,0.176029962547
59746,0.272058823529
59747,0.230188679245
59748,0.0630975143403
59749,0.0630975143403
59750,0.230188679245
59751,0.0888888888889
59752,0.0
59753,0.166666666667
59754,0.162162162162
59755,0.176029962547
59756,0.0
59757,0.0123456790123
59758,0.0
59759,0.230188679245
59760,0.176029962547
59761,0.0630975143403
59762,0.0630975143403
59763,0.0
59764,0.230188679245
59765,1.0
59766,0.0123456790123
59767,0.0
59768,0.0630975143403
59769,0.0630975143403
59770,0.0630975143403
59771,0.230188679245
59772,0.0888888888889
59773,0.0123456790123
59774,0.0123456790123
59775,0.272058823529
59776,0.0
59777,0.0123456790123
59778,0.0
59779,0.1
59780,0.0
59781,0.0630975143403
59782,0.0
59783,0.0
59784,0.0123456790123
59785,0.0630975143403
59786,0.0630975143403
59787,0.164179104478
59788,0.176029962547
59789,0.0
59790,0.0392156862745
59791,0.0123456790123
59792,0.0
59793,0.176029962547
59794,0.0123456790123
59795,0.0630975143403
59796,0.176029962547
59797,0.176029962547
59798,0.166666666667
59799,0.0630975143403
59800,0.0630975143403
59801,0.0
59802,0.0
59803,0.0123456790123
59804,0.230188679245
59805,1.0
59806,0.164179104478
59807,0.0
59808,0.0
59809,0.176029962547
59810,0.0
59811,0.0909090909091
59812,0.164179104478
59813,0.0
59814,0.176029962547
59815,0.0630975143403
59816,0.0
59817,0.176029962547
59818,0.0
59819,0.166666666667
59820,0.0
59821,0.0630975143403
59822,0.176029962547
59823,0.176029962547
59824,0.153846153846
59825,0.1
59826,0.176029962547
59827,0.0
59828,0.0630975143403
59829,0.0630975143403
59830,0.1
59831,0.176029962547
59832,0.176029962547
59833,0.0123456790123
59834,0.166666666667
59835,0.0
59836,0.0
59837,0.176029962547
59838,0.0909090909091
59839,0.0630975143403
59840,0.0392156862745
59841,0.0
59842,0.176029962547
59843,0.4
59844,0.176029962547
59845,0.0630975143403
59846,0.122807017544
59847,0.0
59848,0.0
59849,0.0630975143403
59850,0.166666666667
59851,0.176029962547
59852,0.164179104478
59853,0.0888888888889
59854,0.0630975143403
59855,0.0888888888889
59856,0.176029962547
59857,0.0
59858,0.0630975143403
59859,0.0
59860,0.0392156862745
59861,0.0630975143403
59862,0.0392156862745
59863,0.176029962547
59864,0.0630975143403
59865,0.0888888888889
59866,0.0630975143403
59867,0.0630975143403
59868,0.0630975143403
59869,0.0630975143403
59870,0.0630975143403
59871,0.0888888888889
59872,0.0
59873,0.0630975143403
59874,0.176029962547
59875,0.0
59876,0.0
59877,0.176029962547
59878,0.176029962547
59879,0.0123456790123
59880,0.0
59881,0.176029962547
59882,0.0630975143403
59883,0.0909090909091
59884,1.0
59885,0.0630975143403
59886,0.166666666667
59887,0.4
59888,0.0
59889,0.0123456790123
59890,0.0630975143403
59891,0.176029962547
59892,0.176029962547
59893,0.0630975143403
59894,0.176029962547
59895,0.0
59896,0.0392156862745
59897,0.153846153846
59898,0.0392156862745
59899,0.0
59900,0.0
59901,1.0
59902,0.272058823529
59903,0.0123456790123
59904,0.153846153846
59905,0.176029962547
59906,0.1
59907,0.0630975143403
59908,0.153846153846
59909,0.0123456790123
59910,0.176029962547
59911,0.164179104478
59912,0.0630975143403
59913,0.0
59914,0.176029962547
59915,0.0
59916,0.166666666667
59917,0.0
59918,0.0630975143403
59919,0.0
59920,0.0
59921,0.0392156862745
59922,0.0630975143403
59923,0.1
59924,0.0
59925,0.0123456790123
59926,0.0888888888889
59927,0.176029962547
59928,0.0123456790123
59929,0.230188679245
59930,0.181818181818
59931,0.0630975143403
59932,0.0
59933,0.164179104478
59934,0.0
59935,0.0
59936,0.176029962547
59937,0.0
59938,0.0392156862745
59939,0.0630975143403
59940,0.0
59941,0.176029962547
59942,0.272058823529
59943,0.1
59944,0.0888888888889
59945,0.0
59946,0.0
59947,0.0
59948,0.0123456790123
59949,0.0
59950,0.0
59951,0.0123456790123
59952,0.176029962547
59953,0.0
59954,0.0630975143403
59955,0.176029962547
59956,0.0
59957,0.122807017544
59958,0.0123456790123
59959,0.0
59960,0.0888888888889
59961,0.0
59962,0.0
59963,0.0630975143403
59964,0.0
59965,0.1
59966,0.0630975143403
59967,0.166666666667
59968,0.0123456790123
59969,0.0630975143403
59970,0.176029962547
59971,0.0
59972,0.166666666667
59973,0.0123456790123
59974,0.230188679245
59975,0.0630975143403
59976,0.0123456790123
59977,0.0630975143403
59978,0.0
59979,0.1
59980,0.0
59981,0.0
59982,0.0
59983,0.0630975143403
59984,0.0630975143403
59985,0.0123456790123
59986,0.0392156862745
59987,0.0123456790123
59988,0.0630975143403
59989,0.0123456790123
59990,0.0
59991,0.0123456790123
59992,0.0
59993,0.0
59994,0.0123456790123
59995,0.1
59996,0.176029962547
59997,0.0123456790123
59998,0.0
59999,0.0123456790123
60000,0.0
60001,0.1
60002,0.0123456790123
60003,0.0909090909091
60004,0.142857142857
60005,0.0123456790123
60006,0.153846153846
60007,0.0
60008,0.0
60009,0.0
60010,0.0
60011,0.0630975143403
60012,0.230188679245
60013,0.0
60014,0.0123456790123
60015,0.0123456790123
60016,0.0123456790123
60017,0.164179104478
60018,0.176029962547
60019,0.1
60020,0.0630975143403
60021,0.0392156862745
60022,0.176029962547
60023,0.0909090909091
60024,0.0
60025,0.0
60026,0.0123456790123
60027,0.0630975143403
60028,0.176029962547
60029,0.0630975143403
60030,0.0
60031,0.0
60032,0.0
60033,0.166666666667
60034,0.0909090909091
60035,0.166666666667
60036,0.0
60037,0.0
60038,0.4
60039,0.0123456790123
60040,0.0123456790123
60041,0.0123456790123
60042,0.142857142857
60043,0.0888888888889
60044,0.0
60045,0.0123456790123
60046,0.1
60047,0.0
60048,0.0123456790123
60049,0.176029962547
60050,0.0
60051,0.0
60052,0.0123456790123
60053,0.122807017544
60054,0.0630975143403
60055,0.176029962547
60056,0.0630975143403
60057,0.153846153846
60058,0.0888888888889
60059,0.166666666667
60060,0.0630975143403
60061,0.0888888888889
60062,0.0630975143403
60063,0.0123456790123
60064,0.0
60065,0.0
60066,0.1
60067,0.0123456790123
60068,0.166666666667
60069,0.176029962547
60070,0.0123456790123
60071,0.0
60072,0.0630975143403
60073,0.0
60074,0.0888888888889
60075,0.0630975143403
60076,0.122807017544
60077,0.176029962547
60078,0.176029962547
60079,0.164179104478
60080,0.0123456790123
60081,0.0
60082,0.0
60083,0.176029962547
60084,0.0
60085,0.0630975143403
60086,0.0
60087,0.176029962547
60088,0.0
60089,0.0630975143403
60090,0.0
60091,0.0
60092,0.166666666667
60093,0.0
60094,0.0630975143403
60095,0.0123456790123
60096,0.0630975143403
60097,0.230188679245
60098,0.166666666667
60099,0.0
60100,0.176029962547
60101,0.176029962547
60102,0.0630975143403
60103,0.176029962547
60104,0.0630975143403
60105,0.0
60106,0.0
60107,0.1
60108,0.0630975143403
60109,0.0123456790123
60110,0.0630975143403
60111,0.0
60112,0.176029962547
60113,0.122807017544
60114,0.0
60115,0.0123456790123
60116,0.176029962547
60117,1.0
60118,0.0123456790123
60119,0.0630975143403
60120,0.0123456790123
60121,0.176029962547
60122,1.0
60123,0.272058823529
60124,0.0123456790123
60125,0.0123456790123
60126,0.0
60127,0.0630975143403
60128,0.0
60129,0.0
60130,0.0630975143403
60131,0.176029962547
60132,0.0
60133,0.0392156862745
60134,1.0
60135,0.0123456790123
60136,0.0
60137,0.0
60138,0.0630975143403
60139,0.0630975143403
60140,0.0
60141,0.0
60142,0.0
60143,0.0
60144,0.0
60145,0.153846153846
60146,0.176029962547
60147,0.0
60148,0.0
60149,0.0
60150,0.0630975143403
60151,0.0630975143403
60152,0.0
60153,0.0123456790123
60154,0.230188679245
60155,0.0
60156,0.0
60157,0.0
60158,0.0123456790123
60159,0.0
60160,0.0
60161,0.0
60162,0.1
60163,0.0123456790123
60164,0.0123456790123
60165,0.0123456790123
60166,0.0
60167,0.176029962547
60168,0.0
60169,0.0392156862745
60170,0.0888888888889
60171,0.0630975143403
60172,0.164179104478
60173,0.0123456790123
60174,0.176029962547
60175,0.5
60176,0.0
60177,0.176029962547
60178,0.176029962547
60179,0.0
60180,0.0
60181,0.0123456790123
60182,0.0630975143403
60183,0.0
60184,0.0
60185,0.0
60186,0.272058823529
60187,0.0
60188,0.164179104478
60189,0.176029962547
60190,0.230188679245
60191,0.0630975143403
60192,0.0
60193,0.0630975143403
60194,0.0630975143403
60195,0.0
60196,0.0630975143403
60197,0.176029962547
60198,0.0123456790123
60199,0.0630975143403
60200,0.176029962547
60201,0.166666666667
60202,0.176029962547
60203,0.0630975143403
60204,0.0
60205,0.0
60206,0.176029962547
60207,0.0630975143403
60208,0.0909090909091
60209,0.142857142857
60210,0.0630975143403
60211,0.0630975143403
60212,0.0
60213,0.230188679245
60214,0.0392156862745
60215,0.0
60216,0.176029962547
60217,0.176029962547
60218,0.0392156862745
60219,0.0
60220,0.142857142857
60221,0.0630975143403
60222,0.0630975143403
60223,0.0
60224,0.0630975143403
60225,0.0
60226,0.0123456790123
60227,0.176029962547
60228,0.153846153846
60229,0.0888888888889
60230,0.0
60231,0.0123456790123
60232,0.230188679245
60233,0.1
60234,0.0392156862745
60235,0.0630975143403
60236,0.0630975143403
60237,0.0630975143403
60238,0.1
60239,0.0392156862745
60240,0.0123456790123
60241,0.1
60242,0.0630975143403
60243,0.0
60244,0.0123456790123
60245,0.0630975143403
60246,0.0123456790123
60247,1.0
60248,0.0123456790123
60249,0.272058823529
60250,0.0630975143403
60251,0.0
60252,0.166666666667
60253,0.166666666667
60254,0.166666666667
60255,0.0630975143403
60256,0.0
60257,0.0630975143403
60258,0.0123456790123
60259,0.1
60260,0.0630975143403
60261,0.0630975143403
60262,0.0
60263,0.0888888888889
60264,0.0
60265,0.0392156862745
60266,0.0630975143403
60267,0.0
60268,0.122807017544
60269,0.0630975143403
60270,0.0630975143403
60271,0.230188679245
60272,0.0630975143403
60273,0.0630975143403
60274,0.0
60275,0.0630975143403
60276,0.0630975143403
60277,0.0123456790123
60278,0.0
60279,0.0630975143403
60280,0.0123456790123
60281,0.0
60282,0.0630975143403
60283,0.0123456790123
60284,0.0123456790123
60285,0.0630975143403
60286,0.0630975143403
60287,0.162162162162
60288,0.0123456790123
60289,0.0888888888889
60290,0.0630975143403
60291,0.176029962547
60292,0.176029962547
60293,0.162162162162
60294,0.0
60295,0.0
60296,0.0
60297,0.176029962547
60298,0.0630975143403
60299,0.0630975143403
60300,0.0123456790123
60301,0.0
60302,0.0
60303,0.0888888888889
60304,0.166666666667
60305,0.0
60306,0.142857142857
60307,0.0
60308,0.0
60309,0.0630975143403
60310,0.0
60311,0.0630975143403
60312,0.0
60313,0.0888888888889
60314,0.0630975143403
60315,0.0
60316,0.0123456790123
60317,0.0
60318,0.0123456790123
60319,0.0123456790123
60320,0.162162162162
60321,0.0630975143403
60322,0.0630975143403
60323,0.0123456790123
60324,0.0630975143403
60325,0.0909090909091
60326,0.230188679245
60327,0.0
60328,0.0123456790123
60329,0.0
60330,0.0
60331,0.0123456790123
60332,0.230188679245
60333,0.0
60334,0.176029962547
60335,0.0630975143403
60336,0.0630975143403
60337,0.0630975143403
60338,0.0
60339,0.1
60340,0.0
60341,0.230188679245
60342,0.0123456790123
60343,0.0392156862745
60344,0.0
60345,0.0630975143403
60346,0.0123456790123
60347,0.0123456790123
60348,0.0123456790123
60349,0.0392156862745
60350,0.0630975143403
60351,0.0392156862745
60352,0.162162162162
60353,0.0630975143403
60354,0.0123456790123
60355,0.0909090909091
60356,0.166666666667
60357,0.0
60358,0.0
60359,0.0123456790123
60360,0.0
60361,0.0
60362,0.230188679245
60363,0.0
60364,0.0
60365,0.0
60366,0.0
60367,0.176029962547
60368,0.0630975143403
60369,0.0909090909091
60370,0.0
60371,0.0
60372,0.0
60373,0.0392156862745
60374,0.0630975143403
60375,0.1
60376,0.4
60377,0.0630975143403
60378,0.272058823529
60379,0.0
60380,0.0
60381,0.0392156862745
60382,0.0
60383,0.0630975143403
60384,0.0
60385,0.0630975143403
60386,0.0123456790123
60387,0.0
60388,0.176029962547
60389,0.0
60390,0.0123456790123
60391,0.0123456790123
60392,0.0
60393,0.176029962547
60394,0.5
60395,0.0630975143403
60396,0.176029962547
60397,0.0123456790123
60398,0.0630975143403
60399,0.0630975143403
60400,0.0
60401,0.0
60402,0.0
60403,0.0123456790123
60404,0.176029962547
60405,0.176029962547
60406,0.0630975143403
60407,0.176029962547
60408,0.164179104478
60409,0.0888888888889
60410,0.176029962547
60411,0.176029962547
60412,0.0
60413,0.0
60414,0.0630975143403
60415,0.0630975143403
60416,0.0
60417,0.0630975143403
60418,0.0630975143403
60419,0.0630975143403
60420,0.0630975143403
60421,0.0630975143403
60422,0.0
60423,0.166666666667
60424,0.0123456790123
60425,0.0
60426,0.0123456790123
60427,0.0630975143403
60428,0.0123456790123
60429,0.0630975143403
60430,0.0888888888889
60431,0.176029962547
60432,0.176029962547
60433,0.0
60434,1.0
60435,0.0630975143403
60436,0.166666666667
60437,0.0
60438,0.0888888888889
60439,0.0888888888889
60440,0.176029962547
60441,0.0630975143403
60442,0.0888888888889
60443,0.1
60444,0.176029962547
60445,0.176029962547
60446,0.0
60447,0.0123456790123
60448,0.176029962547
60449,0.0
60450,0.0392156862745
60451,0.0
60452,0.0123456790123
60453,0.0
60454,0.122807017544
60455,0.0123456790123
60456,0.0
60457,0.166666666667
60458,0.0630975143403
60459,0.176029962547
60460,0.0666666666667
60461,0.0630975143403
60462,0.230188679245
60463,0.176029962547
60464,0.176029962547
60465,0.0909090909091
60466,0.0630975143403
60467,0.0630975143403
60468,0.166666666667
60469,0.176029962547
60470,0.0123456790123
60471,0.0392156862745
60472,0.0630975143403
60473,0.164179104478
60474,0.0123456790123
60475,0.0
60476,0.0392156862745
60477,0.0630975143403
60478,0.0
60479,0.1
60480,0.166666666667
60481,0.0630975143403
60482,0.0630975143403
60483,0.0123456790123
60484,0.0392156862745
60485,0.0123456790123
60486,0.0630975143403
60487,1.0
60488,0.0
60489,0.176029962547
60490,0.0
60491,0.0630975143403
60492,0.0123456790123
60493,0.0123456790123
60494,0.1
60495,0.0123456790123
60496,0.176029962547
60497,0.0123456790123
60498,0.0888888888889
60499,0.0392156862745
60500,0.176029962547
60501,0.0123456790123
60502,0.1
60503,0.166666666667
60504,0.164179104478
60505,0.0630975143403
60506,0.0
60507,0.0630975143403
60508,0.176029962547
60509,0.0
60510,0.230188679245
60511,0.0
60512,0.0888888888889
60513,0.0392156862745
60514,0.0123456790123
60515,0.0630975143403
60516,0.5
60517,0.1
60518,0.0
60519,0.122807017544
60520,0.164179104478
60521,0.0630975143403
60522,0.0
60523,0.0630975143403
60524,0.0
60525,0.1
60526,0.0
60527,0.176029962547
60528,0.0630975143403
60529,0.0630975143403
60530,0.0
60531,0.0
60532,0.0630975143403
60533,0.272058823529
60534,0.0
60535,0.0392156862745
60536,0.0888888888889
60537,0.0123456790123
60538,0.176029962547
60539,0.0
60540,0.230188679245
60541,0.0
60542,0.1
60543,0.0
60544,0.122807017544
60545,0.0630975143403
60546,0.0123456790123
60547,0.176029962547
60548,0.0123456790123
60549,0.0630975143403
60550,0.0888888888889
60551,0.230188679245
60552,0.153846153846
60553,0.0
60554,0.0123456790123
60555,0.176029962547
60556,0.0
60557,0.0
60558,0.176029962547
60559,0.0630975143403
60560,0.153846153846
60561,0.0630975143403
60562,0.176029962547
60563,0.0123456790123
60564,0.164179104478
60565,0.176029962547
60566,0.0
60567,0.0
60568,0.0392156862745
60569,0.0
60570,0.0
60571,0.166666666667
60572,0.0
60573,0.0
60574,0.0630975143403
60575,0.0
60576,0.166666666667
60577,0.0630975143403
60578,0.0123456790123
60579,0.166666666667
60580,0.166666666667
60581,0.0630975143403
60582,0.0
60583,0.142857142857
60584,0.176029962547
60585,0.1
60586,0.0630975143403
60587,0.176029962547
60588,0.0
60589,0.1
60590,0.1
60591,0.0
60592,0.0123456790123
60593,0.166666666667
60594,0.1
60595,0.0
60596,0.176029962547
60597,0.0630975143403
60598,0.142857142857
60599,0.176029962547
60600,0.4
60601,0.0123456790123
60602,0.0
60603,0.0
60604,0.0123456790123
60605,0.0630975143403
60606,0.0123456790123
60607,0.0
60608,0.1
60609,0.0630975143403
60610,0.0888888888889
60611,0.1
60612,0.162162162162
60613,0.0630975143403
60614,0.0123456790123
60615,0.0630975143403
60616,0.0
60617,0.0123456790123
60618,0.0630975143403
60619,0.0
60620,0.1
60621,0.0392156862745
60622,0.166666666667
60623,0.0
60624,0.0
60625,0.164179104478
60626,0.0
60627,0.272058823529
60628,0.0630975143403
60629,0.0630975143403
60630,0.176029962547
60631,0.0123456790123
60632,0.0123456790123
60633,0.0630975143403
60634,0.0
60635,0.0
60636,0.0630975143403
60637,0.0123456790123
60638,0.0
60639,0.164179104478
60640,0.0123456790123
60641,0.0
60642,0.176029962547
60643,0.0
60644,0.0630975143403
60645,0.176029962547
60646,0.0123456790123
60647,0.164179104478
60648,0.0
60649,0.0
60650,0.0123456790123
60651,0.0630975143403
60652,0.1
60653,0.176029962547
60654,0.0630975143403
60655,0.0
60656,0.0
60657,0.0630975143403
60658,0.0123456790123
60659,0.0
60660,0.0123456790123
60661,0.0630975143403
60662,0.0888888888889
60663,0.0392156862745
60664,0.0
60665,0.176029962547
60666,0.0123456790123
60667,0.1
60668,0.0
60669,0.0123456790123
60670,0.0
60671,0.0
60672,0.0630975143403
60673,0.176029962547
60674,0.1
60675,0.0123456790123
60676,0.176029962547
60677,0.164179104478
60678,0.0
60679,0.0123456790123
60680,0.0630975143403
60681,0.0630975143403
60682,0.0630975143403
60683,0.0630975143403
60684,0.0630975143403
60685,0.0392156862745
60686,0.0630975143403
60687,0.0123456790123
60688,0.0
60689,0.0
60690,0.0
60691,0.0123456790123
60692,0.0123456790123
60693,0.0
60694,0.176029962547
60695,0.122807017544
60696,0.0123456790123
60697,0.0
60698,0.0630975143403
60699,0.0
60700,0.0
60701,0.122807017544
60702,0.0
60703,0.176029962547
60704,0.0630975143403
60705,0.153846153846
60706,0.142857142857
60707,0.0
60708,0.0630975143403
60709,0.0888888888889
60710,0.0123456790123
60711,0.0123456790123
60712,0.1
60713,0.0
60714,0.0630975143403
60715,0.0
60716,0.230188679245
60717,0.166666666667
60718,0.0
60719,0.0630975143403
60720,0.0630975143403
60721,0.0630975143403
60722,0.0123456790123
60723,0.0630975143403
60724,0.0
60725,0.0
60726,0.0630975143403
60727,0.0123456790123
60728,0.176029962547
60729,0.0630975143403
60730,0.230188679245
60731,0.0123456790123
60732,0.0
60733,0.0123456790123
60734,0.1
60735,0.0392156862745
60736,0.0630975143403
60737,0.166666666667
60738,0.0
60739,0.164179104478
60740,0.230188679245
60741,0.0123456790123
60742,0.0630975143403
60743,0.0123456790123
60744,0.0
60745,0.0630975143403
60746,0.0123456790123
60747,0.166666666667
60748,0.0
60749,0.230188679245
60750,0.5
60751,0.166666666667
60752,1.0
60753,0.0
60754,0.0
60755,0.0
60756,0.0123456790123
60757,0.0630975143403
60758,0.0
60759,0.0123456790123
60760,0.0
60761,0.0123456790123
60762,0.230188679245
60763,0.0
60764,0.0
60765,0.272058823529
60766,0.1
60767,0.176029962547
60768,0.230188679245
60769,0.166666666667
60770,0.0630975143403
60771,0.176029962547
60772,0.176029962547
60773,0.272058823529
60774,0.0630975143403
60775,0.0
60776,0.122807017544
60777,0.0
60778,0.176029962547
60779,0.0
60780,0.153846153846
60781,0.0
60782,0.1
60783,0.0123456790123
60784,0.0
60785,0.0630975143403
60786,0.0
60787,0.0
60788,0.153846153846
60789,0.176029962547
60790,0.1
60791,0.166666666667
60792,0.0630975143403
60793,0.272058823529
60794,0.0630975143403
60795,0.0
60796,0.164179104478
60797,0.0
60798,0.0888888888889
60799,0.0
60800,0.0123456790123
60801,0.5
60802,0.0630975143403
60803,0.0
60804,0.176029962547
60805,0.0
60806,0.0392156862745
60807,0.0
60808,0.176029962547
60809,0.0
60810,0.0
60811,0.0630975143403
60812,0.0630975143403
60813,0.0630975143403
60814,0.0630975143403
60815,0.0123456790123
60816,0.0
60817,0.0
60818,0.0
60819,0.0888888888889
60820,0.0
60821,0.176029962547
60822,0.0
60823,0.0
60824,0.0630975143403
60825,0.0
60826,0.0
60827,0.0
60828,0.0123456790123
60829,0.0
60830,1.0
60831,0.0630975143403
60832,0.0909090909091
60833,0.0123456790123
60834,0.0630975143403
60835,0.0
60836,0.0630975143403
60837,0.230188679245
60838,0.0123456790123
60839,0.0123456790123
60840,0.0123456790123
60841,0.176029962547
60842,0.0630975143403
60843,0.0
60844,0.0630975143403
60845,0.0630975143403
60846,0.0392156862745
60847,0.0123456790123
60848,0.0630975143403
60849,0.0630975143403
60850,0.0
60851,0.0123456790123
60852,0.166666666667
60853,0.176029962547
60854,0.230188679245
60855,0.1
60856,0.0
60857,0.164179104478
60858,0.0
60859,0.0
60860,0.0
60861,0.230188679245
60862,0.0630975143403
60863,0.4
60864,0.272058823529
60865,0.0
60866,0.0123456790123
60867,0.0123456790123
60868,0.4
60869,0.0
60870,0.0630975143403
60871,0.272058823529
60872,0.0630975143403
60873,0.230188679245
60874,0.230188679245
60875,0.0
60876,0.0630975143403
60877,0.0
60878,0.0
60879,0.162162162162
60880,0.0
60881,0.0888888888889
60882,0.164179104478
60883,0.166666666667
60884,0.166666666667
60885,0.0
60886,0.166666666667
60887,0.166666666667
60888,0.0630975143403
60889,0.0630975143403
60890,0.0
60891,0.0123456790123
60892,0.166666666667
60893,0.0
60894,0.0630975143403
60895,0.164179104478
60896,0.230188679245
60897,0.0909090909091
60898,0.162162162162
60899,0.0392156862745
60900,0.0
60901,0.0392156862745
60902,0.166666666667
60903,0.0630975143403
60904,0.164179104478
60905,0.0630975143403
60906,0.5
60907,0.0888888888889
60908,0.176029962547
60909,0.0909090909091
60910,0.0
60911,0.0123456790123
60912,0.0
60913,0.176029962547
60914,0.0
60915,0.230188679245
60916,0.0123456790123
60917,0.0630975143403
60918,0.0630975143403
60919,0.0
60920,0.0123456790123
60921,0.0
60922,0.0
60923,0.0
60924,0.0123456790123
60925,0.0630975143403
60926,0.0123456790123
60927,0.0630975143403
60928,0.0
60929,0.0123456790123
60930,0.0630975143403
60931,0.0123456790123
60932,0.0
60933,0.0630975143403
60934,0.0
60935,0.0
60936,0.176029962547
60937,0.0
60938,0.0123456790123
60939,0.0123456790123
60940,0.0123456790123
60941,0.230188679245
60942,0.166666666667
60943,0.122807017544
60944,0.0392156862745
60945,0.0630975143403
60946,0.230188679245
60947,0.164179104478
60948,0.0
60949,0.0
60950,0.0123456790123
60951,0.0
60952,0.0
60953,0.0
60954,0.0392156862745
60955,0.0392156862745
60956,0.181818181818
60957,0.0
60958,0.0
60959,0.230188679245
60960,0.0
60961,0.0
60962,0.0123456790123
60963,0.0630975143403
60964,0.164179104478
60965,0.0392156862745
60966,0.0
60967,0.0909090909091
60968,0.0
60969,0.0888888888889
60970,0.0888888888889
60971,0.0630975143403
60972,0.0123456790123
60973,1.0
60974,0.166666666667
60975,0.0630975143403
60976,0.0
60977,0.0630975143403
60978,0.0630975143403
60979,0.0
60980,0.0
60981,0.0123456790123
60982,0.0630975143403
60983,0.0123456790123
60984,0.0123456790123
60985,0.0
60986,0.0
60987,0.0
60988,0.0630975143403
60989,0.0
60990,0.0
60991,0.0123456790123
60992,0.0
60993,0.166666666667
60994,0.0123456790123
60995,0.176029962547
60996,0.0630975143403
60997,0.0
60998,0.0
60999,0.176029962547
61000,0.0123456790123
61001,0.166666666667
61002,0.176029962547
61003,0.0
61004,0.0
61005,0.0
61006,0.0
61007,0.176029962547
61008,0.0123456790123
61009,0.0
61010,0.0
61011,0.0392156862745
61012,0.0
61013,0.0
61014,0.0630975143403
61015,0.0
61016,0.0
61017,0.176029962547
61018,0.0
61019,0.0
61020,0.0630975143403
61021,0.4
61022,0.0
61023,0.0
61024,0.0
61025,0.176029962547
61026,0.0630975143403
61027,0.166666666667
61028,0.0
61029,0.0888888888889
61030,0.0
61031,0.0630975143403
61032,0.176029962547
61033,0.166666666667
61034,0.166666666667
61035,0.0630975143403
61036,0.166666666667
61037,0.176029962547
61038,0.176029962547
61039,0.176029962547
61040,0.0123456790123
61041,0.176029962547
61042,0.0123456790123
61043,0.0888888888889
61044,0.0630975143403
61045,0.0
61046,0.153846153846
61047,0.0
61048,0.142857142857
61049,0.0
61050,0.0
61051,0.176029962547
61052,0.0123456790123
61053,0.176029962547
61054,0.0888888888889
61055,0.166666666667
61056,0.176029962547
61057,0.0888888888889
61058,0.0
61059,0.176029962547
61060,0.0
61061,0.230188679245
61062,0.0
61063,0.0630975143403
61064,0.0123456790123
61065,0.0123456790123
61066,0.0
61067,0.0630975143403
61068,0.0630975143403
61069,0.0630975143403
61070,0.166666666667
61071,0.176029962547
61072,0.0
61073,0.0392156862745
61074,0.0630975143403
61075,0.0
61076,0.1
61077,0.176029962547
61078,0.176029962547
61079,0.0
61080,0.0
61081,0.0
61082,0.0
61083,0.0
61084,0.0123456790123
61085,0.0123456790123
61086,0.0888888888889
61087,0.0
61088,0.0
61089,0.176029962547
61090,0.0630975143403
61091,0.0
61092,0.0909090909091
61093,0.0
61094,0.166666666667
61095,0.0123456790123
61096,0.0630975143403
61097,0.0
61098,0.166666666667
61099,0.176029962547
61100,0.0
61101,0.176029962547
61102,0.0630975143403
61103,0.0
61104,0.0123456790123
61105,0.0630975143403
61106,0.0123456790123
61107,0.0
61108,0.176029962547
61109,0.176029962547
61110,0.0123456790123
61111,0.0888888888889
61112,0.166666666667
61113,1.0
61114,0.0
61115,0.0
61116,0.0
61117,0.0123456790123
61118,0.0
61119,0.0630975143403
61120,0.176029962547
61121,0.0123456790123
61122,0.230188679245
61123,0.230188679245
61124,0.176029962547
61125,0.0
61126,0.0392156862745
61127,0.176029962547
61128,0.0123456790123
61129,0.0
61130,0.0
61131,0.166666666667
61132,0.0630975143403
61133,0.162162162162
61134,0.0630975143403
61135,0.0123456790123
61136,0.0630975143403
61137,0.0
61138,0.0
61139,0.0
61140,0.0
61141,0.0888888888889
61142,0.176029962547
61143,0.0
61144,0.0630975143403
61145,0.176029962547
61146,0.0392156862745
61147,0.0888888888889
61148,0.0630975143403
61149,0.230188679245
61150,0.176029962547
61151,0.176029962547
61152,0.0123456790123
61153,0.0123456790123
61154,0.0123456790123
61155,0.230188679245
61156,0.1
61157,0.0
61158,0.0888888888889
61159,0.176029962547
61160,0.176029962547
61161,0.0123456790123
61162,0.0
61163,0.176029962547
61164,0.0123456790123
61165,0.0630975143403
61166,0.166666666667
61167,0.0630975143403
61168,0.176029962547
61169,0.0123456790123
61170,0.176029962547
61171,0.0909090909091
61172,0.0630975143403
61173,0.0
61174,0.0630975143403
61175,0.0123456790123
61176,0.176029962547
61177,0.0123456790123
61178,0.164179104478
61179,0.0
61180,0.0630975143403
61181,0.0
61182,0.164179104478
61183,0.0630975143403
61184,0.176029962547
61185,0.0630975143403
61186,0.162162162162
61187,0.0
61188,0.0
61189,0.0123456790123
61190,0.0123456790123
61191,0.0123456790123
61192,0.0
61193,0.0
61194,0.0630975143403
61195,0.162162162162
61196,1.0
61197,0.0630975143403
61198,0.0630975143403
61199,0.0
61200,0.0
61201,0.0123456790123
61202,0.0630975143403
61203,0.142857142857
61204,0.0
61205,0.176029962547
61206,0.176029962547
61207,0.0630975143403
61208,0.0123456790123
61209,0.0630975143403
61210,0.0
61211,0.166666666667
61212,0.162162162162
61213,0.1
61214,0.230188679245
61215,0.0123456790123
61216,0.176029962547
61217,0.1
61218,0.0
61219,0.0123456790123
61220,0.0123456790123
61221,0.0
61222,0.0630975143403
61223,0.0
61224,0.166666666667
61225,0.0630975143403
61226,0.0630975143403
61227,0.0
61228,0.0630975143403
61229,0.0123456790123
61230,0.166666666667
61231,0.0630975143403
61232,0.0630975143403
61233,0.1
61234,0.0888888888889
61235,0.0630975143403
61236,0.0
61237,0.0630975143403
61238,0.0392156862745
61239,0.164179104478
61240,0.0630975143403
61241,0.176029962547
61242,0.176029962547
61243,0.0
61244,0.176029962547
61245,0.0123456790123
61246,0.0630975143403
61247,0.0630975143403
61248,0.0123456790123
61249,0.0
61250,0.1
61251,0.0
61252,0.0630975143403
61253,0.122807017544
61254,0.0123456790123
61255,0.0
61256,0.0888888888889
61257,0.176029962547
61258,0.0630975143403
61259,0.0
61260,0.176029962547
61261,0.0
61262,0.4
61263,0.230188679245
61264,0.0630975143403
61265,0.0123456790123
61266,0.0123456790123
61267,0.1
61268,0.176029962547
61269,0.0
61270,0.0123456790123
61271,0.230188679245
61272,0.176029962547
61273,0.0123456790123
61274,0.0630975143403
61275,0.0392156862745
61276,0.0
61277,0.0888888888889
61278,0.1
61279,0.0
61280,0.0123456790123
61281,0.0630975143403
61282,0.230188679245
61283,0.166666666667
61284,0.0630975143403
61285,0.0123456790123
61286,0.1
61287,0.0630975143403
61288,0.0
61289,0.0123456790123
61290,0.0
61291,0.153846153846
61292,0.0
61293,0.0
61294,0.1
61295,0.0
61296,0.0123456790123
61297,0.0
61298,0.0630975143403
61299,0.0
61300,0.0630975143403
61301,0.0123456790123
61302,0.142857142857
61303,0.0123456790123
61304,0.0123456790123
61305,0.164179104478
61306,0.0392156862745
61307,0.0123456790123
61308,0.0123456790123
61309,0.0392156862745
61310,0.0630975143403
61311,0.166666666667
61312,0.0630975143403
61313,0.0
61314,0.0
61315,0.230188679245
61316,0.0
61317,0.0630975143403
61318,0.230188679245
61319,0.0
61320,0.0
61321,0.164179104478
61322,0.0
61323,0.0909090909091
61324,0.0123456790123
61325,0.176029962547
61326,0.0123456790123
61327,0.0
61328,0.0630975143403
61329,0.0
61330,0.0
61331,0.0123456790123
61332,0.0
61333,0.0
61334,0.176029962547
61335,0.166666666667
61336,0.0
61337,0.0123456790123
61338,0.0
61339,0.0630975143403
61340,0.0
61341,0.0630975143403
61342,0.176029962547
61343,0.0630975143403
61344,0.0
61345,0.0630975143403
61346,0.0630975143403
61347,0.272058823529
61348,0.0630975143403
61349,0.0
61350,0.272058823529
61351,0.0630975143403
61352,0.176029962547
61353,0.0909090909091
61354,0.0123456790123
61355,0.122807017544
61356,0.166666666667
61357,0.0
61358,0.0123456790123
61359,0.0123456790123
61360,0.0630975143403
61361,0.0123456790123
61362,0.0
61363,0.230188679245
61364,0.0630975143403
61365,0.0
61366,0.384615384615
61367,0.0123456790123
61368,0.0
61369,0.0123456790123
61370,0.0123456790123
61371,1.0
61372,0.230188679245
61373,0.176029962547
61374,0.0630975143403
61375,0.0
61376,1.0
61377,0.0
61378,0.0123456790123
61379,0.0
61380,0.0630975143403
61381,0.0
61382,0.0
61383,0.0123456790123
61384,0.0
61385,0.0123456790123
61386,0.0123456790123
61387,0.176029962547
61388,0.0
61389,0.0
61390,0.0
61391,0.0
61392,0.0
61393,0.0630975143403
61394,0.166666666667
61395,0.0630975143403
61396,0.1
61397,0.176029962547
61398,0.176029962547
61399,0.0
61400,0.0
61401,0.0123456790123
61402,0.142857142857
61403,0.0
61404,0.0123456790123
61405,0.176029962547
61406,0.0630975143403
61407,0.0123456790123
61408,0.0909090909091
61409,0.0123456790123
61410,0.0
61411,0.0630975143403
61412,0.0
61413,0.0630975143403
61414,0.0
61415,0.0
61416,0.0630975143403
61417,0.0630975143403
61418,0.0
61419,0.0123456790123
61420,0.230188679245
61421,0.0630975143403
61422,0.0123456790123
61423,0.0123456790123
61424,0.0630975143403
61425,0.0123456790123
61426,0.0123456790123
61427,0.0630975143403
61428,0.1
61429,0.230188679245
61430,0.0
61431,0.0
61432,0.0
61433,0.0630975143403
61434,0.0
61435,0.0123456790123
61436,0.166666666667
61437,0.0
61438,0.230188679245
61439,0.0123456790123
61440,0.0
61441,0.0123456790123
61442,0.0
61443,0.0
61444,0.0392156862745
61445,0.0630975143403
61446,0.0123456790123
61447,0.0
61448,0.162162162162
61449,0.0
61450,0.0123456790123
61451,0.0630975143403
61452,0.230188679245
61453,0.0
61454,0.164179104478
61455,0.0123456790123
61456,0.0123456790123
61457,0.4
61458,0.0123456790123
61459,0.0123456790123
61460,0.0630975143403
61461,0.0
61462,0.0
61463,0.166666666667
61464,0.0
61465,0.230188679245
61466,0.0909090909091
61467,0.0630975143403
61468,0.0
61469,0.0123456790123
61470,0.0123456790123
61471,0.0
61472,0.1
61473,0.0
61474,0.0392156862745
61475,0.230188679245
61476,0.0123456790123
61477,0.166666666667
61478,0.166666666667
61479,0.0
61480,0.0
61481,0.0123456790123
61482,0.0888888888889
61483,0.230188679245
61484,0.0
61485,0.166666666667
61486,0.0630975143403
61487,0.0123456790123
61488,0.0630975143403
61489,0.0
61490,0.0
61491,0.0630975143403
61492,0.0630975143403
61493,0.0630975143403
61494,0.0630975143403
61495,0.230188679245
61496,0.0
61497,0.230188679245
61498,0.0630975143403
61499,0.0
61500,0.0
61501,0.0123456790123
61502,0.0630975143403
61503,0.0630975143403
61504,0.0630975143403
61505,0.0123456790123
61506,0.0123456790123
61507,0.0
61508,0.0630975143403
61509,0.0630975143403
61510,0.0630975143403
61511,0.0630975143403
61512,0.0123456790123
61513,0.0123456790123
61514,0.0888888888889
61515,0.0
61516,0.0630975143403
61517,0.0
61518,0.0630975143403
61519,0.0
61520,0.0630975143403
61521,0.0123456790123
61522,0.0
61523,0.0123456790123
61524,0.0392156862745
61525,0.0392156862745
61526,0.0
61527,0.0
61528,0.164179104478
61529,0.0123456790123
61530,0.0
61531,0.166666666667
61532,0.0
61533,0.0123456790123
61534,0.0
61535,0.0
61536,0.0630975143403
61537,0.0630975143403
61538,0.0
61539,0.0
61540,0.0888888888889
61541,0.0630975143403
61542,0.0630975143403
61543,0.164179104478
61544,0.0630975143403
61545,0.0123456790123
61546,0.142857142857
61547,0.0
61548,0.0
61549,0.0123456790123
61550,0.0392156862745
61551,0.0
61552,0.0888888888889
61553,0.0909090909091
61554,0.0123456790123
61555,0.0630975143403
61556,0.0123456790123
61557,0.0392156862745
61558,0.0
61559,0.272058823529
61560,0.0630975143403
61561,0.0630975143403
61562,0.176029962547
61563,0.176029962547
61564,0.0630975143403
61565,0.0630975143403
61566,0.166666666667
61567,0.162162162162
61568,0.0123456790123
61569,0.0630975143403
61570,0.0
61571,0.0630975143403
61572,0.0
61573,0.0630975143403
61574,0.0
61575,0.0630975143403
61576,0.0123456790123
61577,0.0630975143403
61578,0.0630975143403
61579,0.4
61580,0.164179104478
61581,0.0
61582,0.0
61583,0.0
61584,0.0630975143403
61585,0.0123456790123
61586,0.0
61587,0.176029962547
61588,0.0
61589,0.0630975143403
61590,0.0630975143403
61591,0.0
61592,0.0
61593,0.4
61594,0.0
61595,0.0
61596,0.0630975143403
61597,0.1
61598,0.0630975143403
61599,0.162162162162
61600,0.0
61601,0.176029962547
61602,0.0
61603,0.0123456790123
61604,0.0630975143403
61605,0.0123456790123
61606,0.0630975143403
61607,0.0
61608,0.0
61609,0.0630975143403
61610,0.0
61611,0.176029962547
61612,0.0
61613,0.1
61614,0.0
61615,0.0392156862745
61616,0.176029962547
61617,0.0123456790123
61618,0.0
61619,0.0123456790123
61620,0.166666666667
61621,0.0630975143403
61622,0.0
61623,0.0
61624,1.0
61625,0.176029962547
61626,0.0630975143403
61627,0.0392156862745
61628,0.166666666667
61629,0.0
61630,0.0630975143403
61631,0.166666666667
61632,0.166666666667
61633,0.0630975143403
61634,0.0630975143403
61635,0.0909090909091
61636,0.176029962547
61637,0.176029962547
61638,0.166666666667
61639,0.176029962547
61640,0.166666666667
61641,0.176029962547
61642,0.0630975143403
61643,0.176029962547
61644,0.0
61645,0.0123456790123
61646,0.0
61647,0.0
61648,0.0
61649,0.0392156862745
61650,0.0123456790123
61651,0.0123456790123
61652,0.0
61653,0.0630975143403
61654,0.0630975143403
61655,0.0392156862745
61656,0.0
61657,0.0123456790123
61658,0.0630975143403
61659,0.230188679245
61660,0.0630975143403
61661,0.176029962547
61662,0.0630975143403
61663,0.0
61664,0.0123456790123
61665,0.164179104478
61666,0.0123456790123
61667,0.0630975143403
61668,0.176029962547
61669,0.0630975143403
61670,0.0
61671,0.0
61672,0.0630975143403
61673,0.176029962547
61674,0.176029962547
61675,0.0123456790123
61676,0.176029962547
61677,0.0630975143403
61678,0.176029962547
61679,0.230188679245
61680,0.0
61681,0.0123456790123
61682,0.176029962547
61683,0.230188679245
61684,0.230188679245
61685,0.0630975143403
61686,0.0123456790123
61687,0.0
61688,0.0
61689,0.0630975143403
61690,0.164179104478
61691,0.1
61692,0.0630975143403
61693,0.0392156862745
61694,0.0392156862745
61695,0.0123456790123
61696,0.0630975143403
61697,0.0630975143403
61698,0.0
61699,0.166666666667
61700,0.0
61701,0.0630975143403
61702,0.0630975143403
61703,0.0630975143403
61704,0.1
61705,0.1
61706,0.0
61707,0.1
61708,0.0123456790123
61709,0.0
61710,0.428571428571
61711,0.0
61712,0.0123456790123
61713,0.0630975143403
61714,0.0
61715,0.0
61716,0.0888888888889
61717,0.0
61718,0.0123456790123
61719,0.0123456790123
61720,0.0
61721,0.0123456790123
61722,0.0630975143403
61723,0.164179104478
61724,0.0123456790123
61725,0.0123456790123
61726,0.0123456790123
61727,0.0
61728,0.153846153846
61729,0.0123456790123
61730,0.1
61731,0.176029962547
61732,0.230188679245
61733,0.176029962547
61734,0.0
61735,0.164179104478
61736,0.0
61737,0.0392156862745
61738,0.0
61739,0.0
61740,0.176029962547
61741,0.0123456790123
61742,0.0909090909091
61743,0.0123456790123
61744,0.0630975143403
61745,0.0123456790123
61746,0.0630975143403
61747,0.0
61748,0.0888888888889
61749,0.0
61750,0.0
61751,0.0630975143403
61752,0.0123456790123
61753,0.166666666667
61754,0.166666666667
61755,0.0
61756,0.0392156862745
61757,0.0630975143403
61758,0.0
61759,0.0888888888889
61760,0.0630975143403
61761,0.230188679245
61762,0.176029962547
61763,0.0
61764,0.0
61765,0.0
61766,0.176029962547
61767,0.176029962547
61768,0.0630975143403
61769,0.0630975143403
61770,0.0123456790123
61771,0.0123456790123
61772,0.0
61773,0.0
61774,0.0630975143403
61775,0.0
61776,0.0
61777,0.230188679245
61778,0.0630975143403
61779,0.176029962547
61780,0.162162162162
61781,0.0392156862745
61782,0.0
61783,0.0
61784,0.0
61785,0.0888888888889
61786,0.176029962547
61787,0.0392156862745
61788,0.0123456790123
61789,0.0
61790,0.176029962547
61791,0.0888888888889
61792,0.0
61793,0.0
61794,0.0
61795,0.122807017544
61796,0.0630975143403
61797,0.0630975143403
61798,0.0630975143403
61799,1.0
61800,0.0
61801,0.1
61802,0.0630975143403
61803,0.0
61804,0.0630975143403
61805,0.0
61806,0.0
61807,0.0123456790123
61808,0.0
61809,0.0630975143403
61810,0.0
61811,0.0
61812,0.122807017544
61813,0.0
61814,0.0630975143403
61815,0.0392156862745
61816,0.0
61817,0.0630975143403
61818,0.0909090909091
61819,0.0
61820,0.0630975143403
61821,0.1
61822,0.166666666667
61823,0.0630975143403
61824,0.0392156862745
61825,0.0630975143403
61826,0.0630975143403
61827,0.0123456790123
61828,0.0630975143403
61829,0.176029962547
61830,0.122807017544
61831,0.0630975143403
61832,0.0392156862745
61833,0.230188679245
61834,0.230188679245
61835,0.0
61836,0.0123456790123
61837,0.0392156862745
61838,0.0630975143403
61839,0.0
61840,0.0123456790123
61841,0.0888888888889
61842,0.0630975143403
61843,0.0888888888889
61844,0.0
61845,0.0630975143403
61846,0.0630975143403
61847,0.0630975143403
61848,0.0
61849,0.0630975143403
61850,0.0630975143403
61851,0.176029962547
61852,0.0
61853,0.0630975143403
61854,0.176029962547
61855,0.0
61856,0.176029962547
61857,0.153846153846
61858,0.0
61859,0.0123456790123
61860,0.0
61861,0.0
61862,0.176029962547
61863,0.0
61864,0.0
61865,0.0630975143403
61866,0.176029962547
61867,0.230188679245
61868,0.166666666667
61869,0.0630975143403
61870,0.0
61871,0.0123456790123
61872,0.176029962547
61873,0.0630975143403
61874,0.0
61875,0.176029962547
61876,0.176029962547
61877,0.0630975143403
61878,0.166666666667
61879,0.0123456790123
61880,0.0
61881,0.176029962547
61882,0.0123456790123
61883,0.0123456790123
61884,0.0
61885,0.0630975143403
61886,0.0
61887,0.0
61888,0.0123456790123
61889,0.176029962547
61890,0.0123456790123
61891,0.0
61892,0.0630975143403
61893,0.0
61894,0.0630975143403
61895,0.0630975143403
61896,0.0123456790123
61897,0.0123456790123
61898,0.0888888888889
61899,0.0392156862745
61900,0.0
61901,0.0630975143403
61902,0.0
61903,0.0
61904,0.0888888888889
61905,0.176029962547
61906,0.0630975143403
61907,0.0630975143403
61908,0.0630975143403
61909,0.0
61910,0.142857142857
61911,0.230188679245
61912,0.166666666667
61913,0.230188679245
61914,0.0
61915,0.0
61916,0.0123456790123
61917,0.0630975143403
61918,0.0123456790123
61919,0.4
61920,0.166666666667
61921,0.230188679245
61922,0.0630975143403
61923,0.0630975143403
61924,0.0123456790123
61925,0.0123456790123
61926,0.0630975143403
61927,0.0630975143403
61928,0.0630975143403
61929,0.0
61930,0.0
61931,0.0
61932,0.0
61933,0.166666666667
61934,0.0
61935,0.0909090909091
61936,0.0123456790123
61937,0.142857142857
61938,0.0
61939,1.0
61940,0.162162162162
61941,0.142857142857
61942,0.0
61943,0.176029962547
61944,0.176029962547
61945,0.0630975143403
61946,0.0630975143403
61947,0.166666666667
61948,0.0392156862745
61949,0.0888888888889
61950,0.0
61951,0.0630975143403
61952,0.176029962547
61953,0.0630975143403
61954,0.0392156862745
61955,0.0
61956,0.0888888888889
61957,0.0
61958,0.0
61959,0.230188679245
61960,0.0
61961,0.0
61962,0.0630975143403
61963,0.164179104478
61964,0.0630975143403
61965,0.0
61966,0.0630975143403
61967,0.166666666667
61968,0.0
61969,0.0888888888889
61970,0.164179104478
61971,0.0123456790123
61972,0.142857142857
61973,0.0
61974,0.166666666667
61975,0.0123456790123
61976,0.0630975143403
61977,0.0
61978,0.0
61979,0.0392156862745
61980,0.0
61981,0.0123456790123
61982,0.0
61983,0.0123456790123
61984,0.0
61985,0.0630975143403
61986,0.0630975143403
61987,0.0123456790123
61988,0.0123456790123
61989,0.166666666667
61990,0.0123456790123
61991,0.0
61992,0.0
61993,0.0392156862745
61994,0.0123456790123
61995,0.4
61996,0.0630975143403
61997,0.0630975143403
61998,0.0
61999,0.0
62000,0.0630975143403
62001,0.0
62002,0.0
62003,0.0630975143403
62004,0.0
62005,0.0630975143403
62006,0.0
62007,0.0
62008,0.0
62009,0.0630975143403
62010,0.0630975143403
62011,0.0123456790123
62012,0.0630975143403
62013,0.0
62014,0.142857142857
62015,0.0
62016,0.272058823529
62017,0.0630975143403
62018,0.166666666667
62019,0.0909090909091
62020,0.0630975143403
62021,0.0
62022,1.0
62023,0.230188679245
62024,0.272058823529
62025,0.176029962547
62026,0.176029962547
62027,0.166666666667
62028,0.0630975143403
62029,0.166666666667
62030,0.0
62031,0.0392156862745
62032,0.0392156862745
62033,0.0
62034,0.1
62035,0.0
62036,0.176029962547
62037,0.0630975143403
62038,0.0909090909091
62039,0.5
62040,0.166666666667
62041,0.0
62042,0.0
62043,0.230188679245
62044,0.230188679245
62045,0.0123456790123
62046,0.0630975143403
62047,0.0
62048,0.0
62049,0.176029962547
62050,0.181818181818
62051,0.0630975143403
62052,0.1
62053,0.0
62054,0.0
62055,0.0630975143403
62056,0.176029962547
62057,0.0123456790123
62058,0.0630975143403
62059,0.122807017544
62060,0.176029962547
62061,0.176029962547
62062,0.0
62063,0.0630975143403
62064,0.176029962547
62065,0.0888888888889
62066,0.0
62067,0.0123456790123
62068,0.176029962547
62069,0.0
62070,0.1
62071,0.0630975143403
62072,0.0630975143403
62073,0.0630975143403
62074,0.176029962547
62075,0.0392156862745
62076,0.0392156862745
62077,0.153846153846
62078,0.166666666667
62079,0.166666666667
62080,0.0123456790123
62081,0.176029962547
62082,0.0
62083,0.164179104478
62084,0.176029962547
62085,0.176029962547
62086,0.176029962547
62087,0.0
62088,0.0630975143403
62089,0.176029962547
62090,0.0
62091,0.0123456790123
62092,0.176029962547
62093,0.0123456790123
62094,0.4
62095,0.1
62096,0.0
62097,0.0123456790123
62098,0.0
62099,0.176029962547
62100,0.0630975143403
62101,0.0
62102,0.0123456790123
62103,0.0123456790123
62104,0.0
62105,0.0630975143403
62106,0.0
62107,0.0
62108,0.0630975143403
62109,0.0
62110,0.0
62111,0.0630975143403
62112,0.0
62113,0.176029962547
62114,0.5
62115,0.0909090909091
62116,0.272058823529
62117,0.0630975143403
62118,0.0123456790123
62119,0.153846153846
62120,0.0630975143403
62121,0.0
62122,0.0123456790123
62123,0.153846153846
62124,0.176029962547
62125,0.272058823529
62126,0.0
62127,0.176029962547
62128,0.0
62129,0.166666666667
62130,0.0909090909091
62131,0.0
62132,0.0
62133,0.166666666667
62134,0.0392156862745
62135,0.0630975143403
62136,0.0
62137,0.0
62138,0.0630975143403
62139,0.0630975143403
62140,0.0
62141,0.0888888888889
62142,0.0
62143,0.0
62144,0.0888888888889
62145,0.0909090909091
62146,0.176029962547
62147,0.1
62148,0.166666666667
62149,0.1
62150,0.0
62151,0.176029962547
62152,0.166666666667
62153,0.0
62154,0.0888888888889
62155,0.0630975143403
62156,0.0630975143403
62157,1.0
62158,0.0630975143403
62159,0.0630975143403
62160,0.166666666667
62161,0.0630975143403
62162,0.0630975143403
62163,0.0
62164,0.0
62165,0.0
62166,0.0
62167,0.0630975143403
62168,0.166666666667
62169,0.176029962547
62170,0.0123456790123
62171,0.0
62172,0.0888888888889
62173,0.0888888888889
62174,0.0
62175,0.176029962547
62176,0.230188679245
62177,0.0
62178,0.164179104478
62179,0.0
62180,0.176029962547
62181,0.0123456790123
62182,0.0909090909091
62183,0.0630975143403
62184,0.166666666667
62185,0.0630975143403
62186,0.166666666667
62187,0.0
62188,0.0
62189,0.0630975143403
62190,0.0630975143403
62191,0.0
62192,0.0
62193,0.176029962547
62194,0.0
62195,0.0630975143403
62196,0.0630975143403
62197,0.0630975143403
62198,0.1
62199,0.0123456790123
62200,0.0
62201,0.162162162162
62202,0.0
62203,0.0
62204,0.0
62205,0.176029962547
62206,0.0
62207,0.0
62208,0.153846153846
62209,0.0
62210,0.0
62211,0.0123456790123
62212,0.176029962547
62213,0.1
62214,0.0392156862745
62215,0.0392156862745
62216,0.0630975143403
62217,0.0
62218,0.0123456790123
62219,0.0
62220,0.0
62221,0.166666666667
62222,0.0392156862745
62223,0.0
62224,0.166666666667
62225,0.0
62226,0.230188679245
62227,0.142857142857
62228,0.176029962547
62229,0.1
62230,0.0630975143403
62231,0.0123456790123
62232,0.0
62233,0.0
62234,0.0
62235,0.176029962547
62236,0.166666666667
62237,0.166666666667
62238,0.0
62239,0.0123456790123
62240,0.0
62241,0.0392156862745
62242,0.0
62243,0.0
62244,0.176029962547
62245,0.1
62246,0.0630975143403
62247,0.153846153846
62248,0.176029962547
62249,0.0
62250,0.0630975143403
62251,0.0630975143403
62252,0.0392156862745
62253,0.0392156862745
62254,0.0
62255,0.0
62256,0.142857142857
62257,0.0630975143403
62258,0.0
62259,0.0
62260,0.0
62261,0.0123456790123
62262,0.0392156862745
62263,0.176029962547
62264,0.0
62265,0.0
62266,0.0
62267,0.0123456790123
62268,0.0
62269,0.0
62270,0.0630975143403
62271,0.0123456790123
62272,0.0
62273,0.0
62274,0.1
62275,0.0630975143403
62276,0.0630975143403
62277,0.0630975143403
62278,0.0630975143403
62279,0.0
62280,0.0
62281,0.176029962547
62282,0.0
62283,0.166666666667
62284,0.0
62285,0.0630975143403
62286,0.0
62287,0.176029962547
62288,0.0123456790123
62289,0.166666666667
62290,0.0630975143403
62291,0.0
62292,0.272058823529
62293,0.0630975143403
62294,0.0123456790123
62295,0.0630975143403
62296,0.0123456790123
62297,0.0
62298,0.122807017544
62299,0.0
62300,0.0123456790123
62301,0.230188679245
62302,0.176029962547
62303,0.0909090909091
62304,0.0630975143403
62305,0.0630975143403
62306,0.176029962547
62307,0.0630975143403
62308,0.0
62309,0.1
62310,0.0630975143403
62311,0.0
62312,0.0392156862745
62313,0.0909090909091
62314,0.0
62315,0.1
62316,0.0630975143403
62317,0.0630975143403
62318,0.0
62319,0.176029962547
62320,0.230188679245
62321,0.0
62322,0.0630975143403
62323,0.0
62324,0.0888888888889
62325,0.0630975143403
62326,0.0
62327,0.0630975143403
62328,0.0
62329,0.0630975143403
62330,0.0630975143403
62331,0.0
62332,0.0630975143403
62333,0.1
62334,0.0
62335,0.0888888888889
62336,0.0123456790123
62337,0.176029962547
62338,0.4
62339,0.176029962547
62340,0.0
62341,0.0
62342,0.0630975143403
62343,0.1
62344,0.0
62345,0.0
62346,0.0
62347,0.0
62348,0.0
62349,0.176029962547
62350,0.0630975143403
62351,0.176029962547
62352,0.0630975143403
62353,0.166666666667
62354,0.0630975143403
62355,0.0630975143403
62356,0.0123456790123
62357,0.0123456790123
62358,0.0123456790123
62359,0.176029962547
62360,0.0630975143403
62361,0.0
62362,0.0888888888889
62363,0.0
62364,0.0
62365,0.0
62366,0.0
62367,0.176029962547
62368,0.0
62369,0.0
62370,0.0909090909091
62371,0.0630975143403
62372,0.0
62373,0.0123456790123
62374,0.0123456790123
62375,0.0630975143403
62376,0.0392156862745
62377,0.0123456790123
62378,0.0
62379,0.0
62380,0.0630975143403
62381,0.176029962547
62382,0.0630975143403
62383,0.230188679245
62384,0.4
62385,0.0
62386,0.176029962547
62387,0.0392156862745
62388,0.0888888888889
62389,0.0
62390,0.0888888888889
62391,0.0123456790123
62392,0.0
62393,0.0
62394,0.0392156862745
62395,0.176029962547
62396,0.166666666667
62397,0.0123456790123
62398,0.0
62399,0.0630975143403
62400,0.0888888888889
62401,0.0123456790123
62402,0.0
62403,0.272058823529
62404,0.0
62405,0.0123456790123
62406,0.0
62407,0.0630975143403
62408,0.0630975143403
62409,0.0123456790123
62410,0.1
62411,0.0
62412,0.0
62413,0.0909090909091
62414,0.0630975143403
62415,0.1
62416,0.176029962547
62417,0.0
62418,0.176029962547
62419,0.0
62420,0.0630975143403
62421,0.0
62422,0.0
62423,0.0630975143403
62424,0.0392156862745
62425,0.0
62426,0.1
62427,0.122807017544
62428,0.0630975143403
62429,0.1
62430,0.166666666667
62431,0.0630975143403
62432,0.176029962547
62433,0.0630975143403
62434,0.272058823529
62435,0.0392156862745
62436,0.0123456790123
62437,0.166666666667
62438,0.176029962547
62439,0.164179104478
62440,0.230188679245
62441,0.0
62442,0.176029962547
62443,0.176029962547
62444,0.0
62445,0.0123456790123
62446,0.0
62447,0.5
62448,0.0123456790123
62449,0.0
62450,1.0
62451,0.0
62452,0.1
62453,0.176029962547
62454,0.176029962547
62455,0.176029962547
62456,0.166666666667
62457,0.0630975143403
62458,0.0392156862745
62459,0.0630975143403
62460,0.162162162162
62461,0.0
62462,0.0392156862745
62463,0.0
62464,0.1
62465,0.0
62466,0.0630975143403
62467,0.0
62468,0.0
62469,0.0630975143403
62470,0.0
62471,0.0630975143403
62472,0.0
62473,0.0630975143403
62474,0.122807017544
62475,0.0630975143403
62476,0.0888888888889
62477,0.176029962547
62478,0.0123456790123
62479,0.230188679245
62480,0.164179104478
62481,0.0
62482,0.0888888888889
62483,0.166666666667
62484,0.0
62485,0.0
62486,0.176029962547
62487,0.0123456790123
62488,0.0
62489,0.166666666667
62490,0.0630975143403
62491,0.0
62492,0.230188679245
62493,0.0123456790123
62494,1.0
62495,0.0630975143403
62496,0.0630975143403
62497,0.0630975143403
62498,0.0909090909091
62499,0.0630975143403
62500,0.0123456790123
62501,0.0
62502,0.0630975143403
62503,0.0123456790123
62504,0.166666666667
62505,0.153846153846
62506,0.0
62507,0.166666666667
62508,0.0123456790123
62509,0.0
62510,0.0
62511,0.0630975143403
62512,0.0630975143403
62513,0.0123456790123
62514,0.0
62515,0.0392156862745
62516,0.0
62517,0.0123456790123
62518,0.0123456790123
62519,0.1
62520,0.0630975143403
62521,0.0630975143403
62522,0.0630975143403
62523,0.230188679245
62524,0.0630975143403
62525,0.0
62526,0.0
62527,0.0
62528,0.0
62529,0.166666666667
62530,0.164179104478
62531,0.0
62532,0.0666666666667
62533,0.0
62534,0.176029962547
62535,0.162162162162
62536,0.0
62537,0.0123456790123
62538,0.0630975143403
62539,0.0630975143403
62540,0.164179104478
62541,0.0630975143403
62542,0.0630975143403
62543,0.166666666667
62544,0.0888888888889
62545,0.230188679245
62546,0.176029962547
62547,0.0392156862745
62548,0.0
62549,0.0
62550,0.0
62551,0.230188679245
62552,0.0630975143403
62553,0.0123456790123
62554,0.0123456790123
62555,0.0630975143403
62556,0.0123456790123
62557,0.0
62558,0.0630975143403
62559,0.0
62560,0.0630975143403
62561,0.0630975143403
62562,0.0
62563,0.0
62564,0.0630975143403
62565,0.0
62566,0.0
62567,0.0630975143403
62568,0.0
62569,0.230188679245
62570,0.0
62571,0.0630975143403
62572,0.0630975143403
62573,0.0
62574,1.0
62575,0.0123456790123
62576,0.0392156862745
62577,0.0888888888889
62578,0.0630975143403
62579,0.0630975143403
62580,0.166666666667
62581,0.0630975143403
62582,0.0630975143403
62583,0.166666666667
62584,0.0
62585,0.0888888888889
62586,0.166666666667
62587,0.0123456790123
62588,0.0
62589,1.0
62590,0.0630975143403
62591,0.0630975143403
62592,0.0
62593,0.0123456790123
62594,0.0392156862745
62595,0.166666666667
62596,0.0630975143403
62597,0.0630975143403
62598,0.166666666667
62599,0.0888888888889
62600,0.230188679245
62601,0.0392156862745
62602,0.0630975143403
62603,0.0
62604,0.0630975143403
62605,0.0630975143403
62606,0.0630975143403
62607,0.0392156862745
62608,0.0123456790123
62609,0.0123456790123
62610,0.0
62611,0.0
62612,0.0123456790123
62613,0.0
62614,0.0
62615,0.0630975143403
62616,0.0123456790123
62617,0.0123456790123
62618,0.230188679245
62619,0.0630975143403
62620,0.0392156862745
62621,0.0909090909091
62622,0.0630975143403
62623,0.0392156862745
62624,0.0123456790123
62625,0.0630975143403
62626,0.272058823529
62627,0.0
62628,0.0
62629,0.0630975143403
62630,0.0
62631,0.0392156862745
62632,0.0630975143403
62633,0.0
62634,0.0630975143403
62635,0.0630975143403
62636,0.166666666667
62637,0.0392156862745
62638,0.166666666667
62639,0.166666666667
62640,0.0630975143403
62641,0.0392156862745
62642,0.0888888888889
62643,0.164179104478
62644,0.0630975143403
62645,0.162162162162
62646,0.0
62647,0.0630975143403
62648,1.0
62649,0.0
62650,0.176029962547
62651,0.0630975143403
62652,0.142857142857
62653,0.166666666667
62654,0.0
62655,0.0
62656,0.0630975143403
62657,0.0630975143403
62658,0.0630975143403
62659,0.0630975143403
62660,0.0630975143403
62661,0.0630975143403
62662,0.1
62663,0.166666666667
62664,0.0
62665,0.0630975143403
62666,0.0
62667,0.230188679245
62668,0.176029962547
62669,0.5
62670,0.230188679245
62671,0.230188679245
62672,0.0
62673,0.164179104478
62674,0.0
62675,0.0630975143403
62676,0.0123456790123
62677,0.230188679245
62678,0.176029962547
62679,0.0630975143403
62680,0.0909090909091
62681,0.5
62682,0.0630975143403
62683,0.0
62684,0.176029962547
62685,0.176029962547
62686,0.166666666667
62687,0.0630975143403
62688,0.166666666667
62689,0.0630975143403
62690,0.166666666667
62691,0.0123456790123
62692,0.1
62693,0.176029962547
62694,0.0630975143403
62695,0.0
62696,0.0
62697,0.0630975143403
62698,0.0
62699,0.0123456790123
62700,0.0
62701,0.166666666667
62702,0.176029962547
62703,0.0
62704,0.1
62705,0.176029962547
62706,0.166666666667
62707,0.0
62708,0.0630975143403
62709,0.0
62710,0.0
62711,0.176029962547
62712,0.0
62713,0.0123456790123
62714,0.0
62715,0.0123456790123
62716,0.0630975143403
62717,0.0630975143403
62718,0.176029962547
62719,0.0123456790123
62720,0.5
62721,0.0392156862745
62722,0.122807017544
62723,0.0
62724,0.0
62725,0.0
62726,0.0123456790123
62727,0.164179104478
62728,0.0
62729,0.176029962547
62730,0.166666666667
62731,0.0630975143403
62732,0.162162162162
62733,0.153846153846
62734,0.0630975143403
62735,0.0
62736,0.0630975143403
62737,0.0
62738,0.166666666667
62739,0.176029962547
62740,0.176029962547
62741,0.0123456790123
62742,0.0
62743,0.166666666667
62744,0.0888888888889
62745,0.0
62746,0.0
62747,0.0123456790123
62748,0.0123456790123
62749,0.0
62750,0.0123456790123
62751,0.176029962547
62752,0.176029962547
62753,0.176029962547
62754,0.230188679245
62755,0.0
62756,0.166666666667
62757,0.176029962547
62758,0.272058823529
62759,0.0
62760,0.0
62761,0.0123456790123
62762,0.176029962547
62763,0.0630975143403
62764,0.0
62765,0.0630975143403
62766,0.0630975143403
62767,0.0630975143403
62768,0.0
62769,0.0123456790123
62770,0.0123456790123
62771,0.0630975143403
62772,0.230188679245
62773,0.0123456790123
62774,0.0630975143403
62775,0.0123456790123
62776,0.176029962547
62777,0.0
62778,0.0630975143403
62779,0.230188679245
62780,0.153846153846
62781,0.0630975143403
62782,0.0
62783,0.0888888888889
62784,0.176029962547
62785,0.0630975143403
62786,0.0630975143403
62787,0.0
62788,0.0
62789,0.0
62790,0.0
62791,0.0630975143403
62792,0.0392156862745
62793,0.0
62794,0.0
62795,0.176029962547
62796,0.0
62797,0.0
62798,0.0
62799,0.230188679245
62800,0.0123456790123
62801,0.0
62802,0.0
62803,0.1
62804,0.0123456790123
62805,0.162162162162
62806,0.0888888888889
62807,0.0
62808,0.0392156862745
62809,0.0
62810,0.0
62811,0.0630975143403
62812,0.0630975143403
62813,0.0
62814,0.0123456790123
62815,0.166666666667
62816,0.0630975143403
62817,0.0888888888889
62818,0.0123456790123
62819,0.0
62820,0.0888888888889
62821,0.176029962547
62822,0.0
62823,0.4
62824,0.0
62825,0.0888888888889
62826,0.0
62827,0.153846153846
62828,0.176029962547
62829,0.0630975143403
62830,0.0630975143403
62831,0.0
62832,0.0
62833,0.0630975143403
62834,0.0630975143403
62835,0.0630975143403
62836,0.230188679245
62837,0.176029962547
62838,0.230188679245
62839,0.0
62840,0.1
62841,0.122807017544
62842,0.1
62843,0.0888888888889
62844,0.0888888888889
62845,0.0123456790123
62846,0.0
62847,0.176029962547
62848,0.0
62849,0.0
62850,0.0
62851,0.0630975143403
62852,0.0888888888889
62853,0.176029962547
62854,0.272058823529
62855,0.0630975143403
62856,0.164179104478
62857,0.166666666667
62858,0.0
62859,0.0
62860,0.0
62861,0.0123456790123
62862,0.0630975143403
62863,0.0
62864,0.0630975143403
62865,0.0630975143403
62866,0.0630975143403
62867,0.0
62868,0.0
62869,0.0630975143403
62870,0.0
62871,0.1
62872,0.0
62873,0.162162162162
62874,0.0
62875,0.0123456790123
62876,0.176029962547
62877,0.0392156862745
62878,0.0630975143403
62879,0.0
62880,0.0630975143403
62881,0.0
62882,0.0
62883,0.176029962547
62884,0.0630975143403
62885,0.0123456790123
62886,0.0123456790123
62887,0.166666666667
62888,0.0
62889,0.166666666667
62890,0.0
62891,0.176029962547
62892,0.0630975143403
62893,0.1
62894,0.176029962547
62895,0.0630975143403
62896,0.164179104478
62897,0.0630975143403
62898,0.0630975143403
62899,0.0630975143403
62900,0.230188679245
62901,0.0
62902,0.0
62903,0.176029962547
62904,0.142857142857
62905,0.176029962547
62906,0.1
62907,0.0123456790123
62908,0.230188679245
62909,0.0
62910,0.176029962547
62911,0.0
62912,0.0
62913,0.0392156862745
62914,0.0666666666667
62915,0.230188679245
62916,0.0630975143403
62917,0.0
62918,0.166666666667
62919,0.0630975143403
62920,0.176029962547
62921,0.0
62922,0.0630975143403
62923,0.0630975143403
62924,0.0909090909091
62925,0.0
62926,0.0630975143403
62927,0.0
62928,0.0123456790123
62929,0.176029962547
62930,0.122807017544
62931,0.0
62932,0.176029962547
62933,0.0
62934,0.0630975143403
62935,0.0630975143403
62936,0.176029962547
62937,0.0
62938,0.0123456790123
62939,0.0
62940,0.0630975143403
62941,0.176029962547
62942,0.176029962547
62943,0.0
62944,0.0
62945,0.230188679245
62946,0.230188679245
62947,0.1
62948,0.0630975143403
62949,0.0
62950,0.0123456790123
62951,0.230188679245
62952,0.0630975143403
62953,0.0
62954,0.230188679245
62955,0.0123456790123
62956,0.0630975143403
62957,0.166666666667
62958,0.176029962547
62959,0.0123456790123
62960,0.0123456790123
62961,0.0
62962,0.230188679245
62963,0.230188679245
62964,0.0
62965,0.0
62966,0.0
62967,0.0630975143403
62968,0.230188679245
62969,0.166666666667
62970,0.0123456790123
62971,0.0
62972,0.0
62973,0.176029962547
62974,0.0630975143403
62975,0.0
62976,0.0
62977,0.1
62978,0.0888888888889
62979,0.1
62980,0.0123456790123
62981,0.0630975143403
62982,0.176029962547
62983,0.272058823529
62984,0.0
62985,0.0123456790123
62986,0.176029962547
62987,0.0888888888889
62988,0.0
62989,0.0888888888889
62990,0.162162162162
62991,0.0
62992,0.0630975143403
62993,0.0630975143403
62994,0.0123456790123
62995,0.0123456790123
62996,0.0392156862745
62997,0.0123456790123
62998,0.0630975143403
62999,0.0
63000,0.0
63001,0.0630975143403
63002,0.0
63003,0.0
63004,0.166666666667
63005,0.0909090909091
63006,0.0888888888889
63007,0.0909090909091
63008,0.0
63009,0.0
63010,0.0888888888889
63011,0.0123456790123
63012,0.0630975143403
63013,0.0630975143403
63014,0.0630975143403
63015,0.0
63016,0.0123456790123
63017,0.0123456790123
63018,0.0
63019,0.166666666667
63020,0.142857142857
63021,0.0630975143403
63022,0.176029962547
63023,0.0
63024,0.0630975143403
63025,0.0
63026,0.0
63027,0.164179104478
63028,0.0630975143403
63029,0.0630975143403
63030,0.0
63031,0.176029962547
63032,0.0123456790123
63033,0.0
63034,0.0
63035,0.0
63036,0.0123456790123
63037,0.0630975143403
63038,0.0630975143403
63039,0.0123456790123
63040,0.0
63041,0.166666666667
63042,0.0
63043,0.0630975143403
63044,0.0
63045,0.0
63046,0.0
63047,0.0630975143403
63048,0.0
63049,0.0
63050,0.176029962547
63051,0.166666666667
63052,0.0630975143403
63053,0.0
63054,0.0
63055,0.0630975143403
63056,0.0630975143403
63057,0.0
63058,0.162162162162
63059,0.0123456790123
63060,0.0
63061,0.0123456790123
63062,0.176029962547
63063,0.0123456790123
63064,0.176029962547
63065,0.0
63066,0.0123456790123
63067,0.0123456790123
63068,0.0630975143403
63069,0.0630975143403
63070,0.0123456790123
63071,0.166666666667
63072,0.0
63073,0.0
63074,0.0630975143403
63075,0.166666666667
63076,0.0
63077,0.0
63078,0.0392156862745
63079,0.0123456790123
63080,0.0630975143403
63081,0.0392156862745
63082,0.0123456790123
63083,0.0630975143403
63084,0.0
63085,0.0
63086,0.0
63087,0.0
63088,0.0630975143403
63089,0.230188679245
63090,1.0
63091,0.0630975143403
63092,0.0123456790123
63093,0.0
63094,0.0
63095,0.272058823529
63096,0.0630975143403
63097,0.0
63098,0.176029962547
63099,0.0123456790123
63100,0.0
63101,0.176029962547
63102,0.0630975143403
63103,0.176029962547
63104,0.0
63105,0.0630975143403
63106,0.0
63107,0.0
63108,0.4
63109,0.0123456790123
63110,0.0630975143403
63111,0.176029962547
63112,0.0
63113,0.0630975143403
63114,0.4
63115,0.0
63116,0.0909090909091
63117,0.0
63118,0.1
63119,0.153846153846
63120,0.0
63121,0.0
63122,0.0
63123,0.0
63124,0.153846153846
63125,0.0
63126,0.0
63127,0.164179104478
63128,0.0630975143403
63129,0.176029962547
63130,0.0630975143403
63131,0.0
63132,0.0
63133,0.0630975143403
63134,0.0
63135,0.0630975143403
63136,0.0
63137,0.0
63138,0.0630975143403
63139,0.176029962547
63140,0.230188679245
63141,0.0123456790123
63142,0.0
63143,0.230188679245
63144,0.0630975143403
63145,0.0630975143403
63146,0.0
63147,0.0630975143403
63148,0.0
63149,0.0123456790123
63150,0.0888888888889
63151,0.272058823529
63152,0.0123456790123
63153,0.230188679245
63154,0.0630975143403
63155,0.230188679245
63156,0.0
63157,0.0123456790123
63158,0.0630975143403
63159,0.0630975143403
63160,0.0
63161,0.166666666667
63162,0.0
63163,0.0
63164,0.0630975143403
63165,0.0
63166,0.0909090909091
63167,0.0630975143403
63168,0.0630975143403
63169,0.0630975143403
63170,0.0888888888889
63171,0.0630975143403
63172,0.0630975143403
63173,0.0630975143403
63174,0.0630975143403
63175,0.0888888888889
63176,0.0
63177,0.166666666667
63178,0.0
63179,0.0
63180,0.0
63181,0.0123456790123
63182,0.0630975143403
63183,0.0630975143403
63184,0.0630975143403
63185,0.0
63186,0.0888888888889
63187,0.0392156862745
63188,0.0
63189,0.166666666667
63190,0.0
63191,0.0
63192,0.0123456790123
63193,0.0630975143403
63194,0.0123456790123
63195,0.4
63196,0.0123456790123
63197,0.164179104478
63198,0.0630975143403
63199,0.0
63200,0.0123456790123
63201,0.0
63202,0.0630975143403
63203,0.0
63204,0.0123456790123
63205,0.0
63206,0.0630975143403
63207,0.0123456790123
63208,0.0
63209,0.0123456790123
63210,0.0
63211,0.0630975143403
63212,0.0630975143403
63213,0.0
63214,0.0630975143403
63215,0.0630975143403
63216,0.0630975143403
63217,0.230188679245
63218,0.0123456790123
63219,0.166666666667
63220,0.0
63221,0.0630975143403
63222,0.0888888888889
63223,0.0
63224,0.0
63225,0.0
63226,0.0630975143403
63227,0.0
63228,0.166666666667
63229,0.0
63230,0.0
63231,0.0630975143403
63232,0.142857142857
63233,0.0123456790123
63234,0.0630975143403
63235,0.166666666667
63236,0.0123456790123
63237,0.0123456790123
63238,0.122807017544
63239,0.0
63240,0.0
63241,0.0888888888889
63242,0.0
63243,0.0909090909091
63244,0.166666666667
63245,0.0630975143403
63246,0.0392156862745
63247,0.0
63248,0.0123456790123
63249,0.0630975143403
63250,0.0630975143403
63251,0.0
63252,0.0
63253,0.0630975143403
63254,0.0630975143403
63255,0.0888888888889
63256,0.0630975143403
63257,0.0
63258,0.0123456790123
63259,0.0
63260,0.0630975143403
63261,0.0888888888889
63262,0.0
63263,0.0
63264,0.176029962547
63265,0.0630975143403
63266,0.0123456790123
63267,0.0123456790123
63268,0.0
63269,0.0630975143403
63270,0.0909090909091
63271,0.0
63272,0.0630975143403
63273,0.0909090909091
63274,0.0123456790123
63275,0.0630975143403
63276,0.0630975143403
63277,0.0
63278,0.0888888888889
63279,0.0123456790123
63280,0.0123456790123
63281,0.0630975143403
63282,0.0392156862745
63283,0.0
63284,0.230188679245
63285,0.0888888888889
63286,0.0630975143403
63287,0.0630975143403
63288,0.0
63289,0.0123456790123
63290,0.0
63291,0.0
63292,0.0888888888889
63293,0.0392156862745
63294,0.0630975143403
63295,0.1
63296,0.0
63297,0.0123456790123
63298,0.0
63299,0.176029962547
63300,0.0630975143403
63301,0.0
63302,0.0123456790123
63303,0.0630975143403
63304,0.5
63305,0.0
63306,0.0
63307,0.176029962547
63308,0.164179104478
63309,0.0
63310,0.0
63311,0.0123456790123
63312,0.0123456790123
63313,0.0630975143403
63314,0.5
63315,0.166666666667
63316,0.0888888888889
63317,0.176029962547
63318,0.0888888888889
63319,0.0123456790123
63320,0.0123456790123
63321,0.0123456790123
63322,0.0
63323,0.0392156862745
63324,0.0630975143403
63325,0.166666666667
63326,0.0123456790123
63327,0.176029962547
63328,0.176029962547
63329,0.176029962547
63330,0.176029962547
63331,0.0630975143403
63332,0.0123456790123
63333,0.166666666667
63334,0.0
63335,0.176029962547
63336,0.0630975143403
63337,0.0
63338,0.176029962547
63339,0.176029962547
63340,0.0630975143403
63341,0.176029962547
63342,0.0123456790123
63343,0.0
63344,0.0
63345,0.176029962547
63346,0.0630975143403
63347,0.0630975143403
63348,0.176029962547
63349,0.0
63350,0.0
63351,0.176029962547
63352,0.176029962547
63353,0.0123456790123
63354,0.0
63355,0.176029962547
63356,0.0630975143403
63357,0.0
63358,0.176029962547
63359,0.0
63360,0.176029962547
63361,0.0
63362,0.0392156862745
63363,0.0
63364,0.0630975143403
63365,0.0123456790123
63366,0.176029962547
63367,0.0
63368,0.0
63369,0.0123456790123
63370,0.0123456790123
63371,0.176029962547
63372,0.164179104478
63373,0.0
63374,0.0
63375,0.166666666667
63376,0.176029962547
63377,0.176029962547
63378,0.0123456790123
63379,0.166666666667
63380,0.142857142857
63381,0.176029962547
63382,0.0
63383,0.176029962547
63384,0.0123456790123
63385,0.0
63386,0.0630975143403
63387,0.0630975143403
63388,0.0888888888889
63389,0.0392156862745
63390,0.0630975143403
63391,0.0123456790123
63392,0.0630975143403
63393,0.0630975143403
63394,0.176029962547
63395,0.0
63396,0.0123456790123
63397,0.0
63398,0.176029962547
63399,0.0392156862745
63400,0.1
63401,0.166666666667
63402,0.0630975143403
63403,0.0630975143403
63404,0.0
63405,0.0
63406,0.1
63407,0.0
63408,0.0
63409,0.176029962547
63410,0.0630975143403
63411,0.0123456790123
63412,0.0630975143403
63413,0.0630975143403
63414,0.176029962547
63415,0.176029962547
63416,0.0392156862745
63417,0.0630975143403
63418,0.176029962547
63419,0.0
63420,0.0888888888889
63421,0.176029962547
63422,0.176029962547
63423,0.0123456790123
63424,0.176029962547
63425,0.0
63426,0.0
63427,0.0392156862745
63428,0.176029962547
63429,0.176029962547
63430,0.0630975143403
63431,0.0630975143403
63432,0.0
63433,0.0630975143403
63434,0.176029962547
63435,0.176029962547
63436,0.0123456790123
63437,0.0123456790123
63438,0.0123456790123
63439,0.0123456790123
63440,0.0
63441,0.0
63442,0.0123456790123
63443,0.0
63444,0.0
63445,0.176029962547
63446,0.0123456790123
63447,0.0
63448,0.0123456790123
63449,0.0123456790123
63450,0.0123456790123
63451,0.0
63452,0.0123456790123
63453,0.176029962547
63454,0.0123456790123
63455,0.0
63456,0.0123456790123
63457,0.0
63458,0.176029962547
63459,0.0
63460,0.0
63461,0.230188679245
63462,0.176029962547
63463,0.0630975143403
63464,0.0123456790123
63465,0.0630975143403
63466,0.0
63467,0.1
63468,0.0
63469,0.166666666667
63470,0.0
63471,0.176029962547
63472,0.176029962547
63473,0.0123456790123
63474,0.0
63475,0.0630975143403
63476,0.176029962547
63477,0.166666666667
63478,0.0392156862745
63479,0.0630975143403
63480,0.0
63481,0.0
63482,0.0
63483,0.0123456790123
63484,0.0392156862745
63485,0.0
63486,0.176029962547
63487,0.176029962547
63488,0.0630975143403
63489,0.176029962547
63490,0.0
63491,0.166666666667
63492,0.0123456790123
63493,0.0123456790123
63494,0.0123456790123
63495,0.166666666667
63496,0.0
63497,0.0
63498,0.1
63499,0.0630975143403
63500,0.0123456790123
63501,0.0
63502,0.0
63503,0.0
63504,0.0
63505,0.176029962547
63506,0.0392156862745
63507,0.0630975143403
63508,1.0
63509,0.176029962547
63510,0.0630975143403
63511,0.0630975143403
63512,0.166666666667
63513,0.1
63514,0.0
63515,0.176029962547
63516,0.0630975143403
63517,0.0123456790123
63518,0.5
63519,0.0630975143403
63520,0.164179104478
63521,0.0
63522,0.0123456790123
63523,0.176029962547
63524,0.0
63525,0.0
63526,0.0630975143403
63527,0.0123456790123
63528,0.0
63529,0.176029962547
63530,0.0
63531,0.0
63532,0.0
63533,0.0123456790123
63534,0.0909090909091
63535,0.1
63536,0.0888888888889
63537,0.0
63538,0.0123456790123
63539,0.142857142857
63540,0.166666666667
63541,0.0
63542,0.0123456790123
63543,0.0888888888889
63544,0.0
63545,0.142857142857
63546,0.176029962547
63547,0.230188679245
63548,0.0
63549,0.5
63550,0.0
63551,0.176029962547
63552,0.176029962547
63553,0.230188679245
63554,0.0630975143403
63555,0.0630975143403
63556,0.0630975143403
63557,0.0
63558,0.0630975143403
63559,0.0630975143403
63560,0.0
63561,0.0
63562,0.176029962547
63563,0.0888888888889
63564,0.0123456790123
63565,0.0630975143403
63566,0.230188679245
63567,0.0123456790123
63568,0.0
63569,0.176029962547
63570,0.0630975143403
63571,0.1
63572,0.0630975143403
63573,0.0123456790123
63574,0.0
63575,0.230188679245
63576,0.176029962547
63577,0.166666666667
63578,0.0888888888889
63579,0.272058823529
63580,0.142857142857
63581,0.0888888888889
63582,0.0123456790123
63583,0.0630975143403
63584,0.1
63585,0.0888888888889
63586,0.0888888888889
63587,0.0
63588,0.176029962547
63589,0.0392156862745
63590,0.0630975143403
63591,0.0630975143403
63592,0.0
63593,0.0630975143403
63594,0.0392156862745
63595,0.0630975143403
63596,0.0392156862745
63597,0.0630975143403
63598,0.1
63599,0.0630975143403
63600,0.0630975143403
63601,0.166666666667
63602,0.230188679245
63603,0.0630975143403
63604,0.0123456790123
63605,0.176029962547
63606,0.166666666667
63607,0.0123456790123
63608,0.0123456790123
63609,0.0
63610,0.0888888888889
63611,0.0
63612,0.0123456790123
63613,0.0123456790123
63614,0.0630975143403
63615,0.0123456790123
63616,0.0909090909091
63617,0.0
63618,0.166666666667
63619,0.166666666667
63620,0.0630975143403
63621,0.0
63622,0.0630975143403
63623,0.0
63624,0.0630975143403
63625,0.0
63626,0.0888888888889
63627,0.0630975143403
63628,0.153846153846
63629,0.166666666667
63630,0.230188679245
63631,0.230188679245
63632,0.0630975143403
63633,0.0
63634,0.0
63635,0.0
63636,0.0
63637,0.176029962547
63638,0.0
63639,0.0
63640,0.166666666667
63641,0.0
63642,0.0630975143403
63643,0.0123456790123
63644,0.0630975143403
63645,0.272058823529
63646,0.0
63647,0.0630975143403
63648,0.0123456790123
63649,0.0392156862745
63650,0.122807017544
63651,0.0
63652,0.0
63653,0.0
63654,0.0630975143403
63655,0.0630975143403
63656,0.176029962547
63657,0.164179104478
63658,0.0
63659,0.0630975143403
63660,0.0
63661,0.153846153846
63662,0.0123456790123
63663,0.1
63664,0.230188679245
63665,0.0
63666,0.0123456790123
63667,0.0
63668,0.0
63669,0.0
63670,0.0123456790123
63671,0.0123456790123
63672,0.0
63673,0.0
63674,0.0630975143403
63675,0.176029962547
63676,0.176029962547
63677,0.0123456790123
63678,0.0123456790123
63679,0.0630975143403
63680,0.1
63681,0.166666666667
63682,0.0123456790123
63683,0.0630975143403
63684,0.0123456790123
63685,0.0630975143403
63686,0.176029962547
63687,0.176029962547
63688,0.0
63689,0.166666666667
63690,0.0123456790123
63691,0.0
63692,0.230188679245
63693,0.0
63694,0.0123456790123
63695,0.0630975143403
63696,0.0630975143403
63697,0.0
63698,0.0630975143403
63699,0.0
63700,0.0123456790123
63701,0.176029962547
63702,0.0123456790123
63703,0.0
63704,0.0
63705,0.0123456790123
63706,0.0
63707,0.0630975143403
63708,0.0
63709,0.0909090909091
63710,0.0123456790123
63711,0.176029962547
63712,0.0
63713,0.0123456790123
63714,0.0630975143403
63715,0.0630975143403
63716,0.0630975143403
63717,0.230188679245
63718,0.0630975143403
63719,0.0630975143403
63720,0.176029962547
63721,0.142857142857
63722,0.0888888888889
63723,0.0392156862745
63724,0.0630975143403
63725,0.0
63726,0.0630975143403
63727,0.230188679245
63728,0.166666666667
63729,0.0630975143403
63730,0.0
63731,0.153846153846
63732,0.0123456790123
63733,0.0630975143403
63734,0.0
63735,0.0123456790123
63736,1.0
63737,0.0
63738,0.0
63739,0.0630975143403
63740,0.0
63741,0.176029962547
63742,0.176029962547
63743,0.0123456790123
63744,0.0630975143403
63745,0.176029962547
63746,0.176029962547
63747,0.0
63748,0.0630975143403
63749,0.176029962547
63750,0.230188679245
63751,0.0630975143403
63752,0.0
63753,0.0
63754,0.0
63755,0.0630975143403
63756,0.0
63757,0.0
63758,0.0392156862745
63759,0.0
63760,0.0123456790123
63761,0.176029962547
63762,0.0
63763,0.176029962547
63764,0.0
63765,0.0
63766,0.0
63767,0.0
63768,0.176029962547
63769,0.272058823529
63770,0.166666666667
63771,0.0630975143403
63772,0.0123456790123
63773,0.5
63774,0.176029962547
63775,0.5
63776,0.0123456790123
63777,0.0630975143403
63778,0.0123456790123
63779,0.0
63780,0.0
63781,0.230188679245
63782,0.5
63783,0.0392156862745
63784,0.0
63785,0.0123456790123
63786,0.0123456790123
63787,0.0630975143403
63788,0.166666666667
63789,0.176029962547
63790,0.0392156862745
63791,0.176029962547
63792,0.166666666667
63793,0.0630975143403
63794,0.0630975143403
63795,0.166666666667
63796,0.272058823529
63797,0.0123456790123
63798,0.0123456790123
63799,0.0630975143403
63800,0.0
63801,0.176029962547
63802,0.0
63803,0.0
63804,0.230188679245
63805,0.0630975143403
63806,0.176029962547
63807,0.0
63808,0.0
63809,0.0630975143403
63810,0.1
63811,0.153846153846
63812,0.153846153846
63813,0.1
63814,0.0
63815,0.0392156862745
63816,0.0888888888889
63817,0.164179104478
63818,0.0630975143403
63819,0.0630975143403
63820,0.0123456790123
63821,0.0123456790123
63822,0.0630975143403
63823,0.0630975143403
63824,0.0630975143403
63825,0.176029962547
63826,0.0630975143403
63827,0.0123456790123
63828,0.1
63829,0.0
63830,0.0123456790123
63831,0.0630975143403
63832,0.0630975143403
63833,0.0
63834,0.0
63835,0.162162162162
63836,0.0123456790123
63837,0.0
63838,0.0
63839,0.0
63840,0.0
63841,0.0888888888889
63842,0.0
63843,0.176029962547
63844,0.0630975143403
63845,0.0
63846,0.0630975143403
63847,0.0392156862745
63848,0.164179104478
63849,0.0630975143403
63850,0.0888888888889
63851,0.0123456790123
63852,0.230188679245
63853,0.0630975143403
63854,0.166666666667
63855,0.0630975143403
63856,0.0392156862745
63857,0.0
63858,0.0
63859,0.0
63860,0.230188679245
63861,0.0630975143403
63862,0.0630975143403
63863,0.166666666667
63864,0.0392156862745
63865,0.0
63866,0.0888888888889
63867,0.0
63868,0.0630975143403
63869,0.0630975143403
63870,0.166666666667
63871,0.230188679245
63872,0.4
63873,0.0630975143403
63874,0.0
63875,0.0
63876,0.0
63877,0.164179104478
63878,0.0
63879,0.0
63880,0.0
63881,0.0630975143403
63882,0.0630975143403
63883,0.0123456790123
63884,0.166666666667
63885,0.0630975143403
63886,0.0630975143403
63887,0.0123456790123
63888,0.0392156862745
63889,0.0
63890,0.122807017544
63891,0.176029962547
63892,0.0630975143403
63893,0.0
63894,0.0630975143403
63895,0.0123456790123
63896,0.0630975143403
63897,0.0630975143403
63898,0.0123456790123
63899,0.166666666667
63900,0.0123456790123
63901,0.0123456790123
63902,0.4
63903,0.0630975143403
63904,0.0392156862745
63905,0.0888888888889
63906,0.0630975143403
63907,0.0392156862745
63908,0.166666666667
63909,0.166666666667
63910,0.0
63911,0.0630975143403
63912,0.0123456790123
63913,0.0
63914,0.0
63915,0.0
63916,0.0630975143403
63917,0.0630975143403
63918,0.0630975143403
63919,0.0630975143403
63920,0.0630975143403
63921,0.0
63922,0.0392156862745
63923,0.0392156862745
63924,0.230188679245
63925,0.166666666667
63926,0.0630975143403
63927,0.0630975143403
63928,0.0630975143403
63929,0.0630975143403
63930,0.176029962547
63931,0.0630975143403
63932,0.0123456790123
63933,0.164179104478
63934,0.0
63935,0.0630975143403
63936,0.0630975143403
63937,0.0630975143403
63938,0.166666666667
63939,0.0888888888889
63940,0.0
63941,0.0
63942,0.0
63943,0.0392156862745
63944,0.176029962547
63945,0.0
63946,0.0
63947,0.0
63948,0.0630975143403
63949,0.0630975143403
63950,0.0
63951,0.0
63952,0.0630975143403
63953,0.0392156862745
63954,0.0392156862745
63955,0.0630975143403
63956,0.176029962547
63957,0.0888888888889
63958,0.0
63959,0.0
63960,0.0
63961,0.4
63962,0.0123456790123
63963,0.0630975143403
63964,0.0
63965,0.0123456790123
63966,0.0630975143403
63967,0.0392156862745
63968,0.0392156862745
63969,0.0630975143403
63970,0.1
63971,0.0123456790123
63972,0.0630975143403
63973,0.0909090909091
63974,0.0888888888889
63975,0.0
63976,0.176029962547
63977,0.0
63978,0.230188679245
63979,0.0630975143403
63980,0.0
63981,0.0630975143403
63982,0.0
63983,0.162162162162
63984,0.0
63985,0.0
63986,0.0
63987,0.0630975143403
63988,0.0630975143403
63989,0.166666666667
63990,0.142857142857
63991,0.0123456790123
63992,0.176029962547
63993,0.0123456790123
63994,0.0888888888889
63995,0.0
63996,0.0630975143403
63997,0.0
63998,0.0
63999,0.0123456790123
64000,0.0
64001,0.0630975143403
64002,0.0630975143403
64003,0.0909090909091
64004,0.0630975143403
64005,0.0123456790123
64006,0.0
64007,0.166666666667
64008,0.0630975143403
64009,0.0
64010,0.0123456790123
64011,0.176029962547
64012,0.0
64013,0.0
64014,0.0888888888889
64015,0.0630975143403
64016,0.176029962547
64017,0.0630975143403
64018,0.0630975143403
64019,0.5
64020,0.0
64021,0.0
64022,0.0630975143403
64023,0.0630975143403
64024,0.0123456790123
64025,0.0
64026,0.0
64027,0.0630975143403
64028,0.122807017544
64029,0.0
64030,0.0
64031,0.0
64032,0.176029962547
64033,0.0123456790123
64034,0.0630975143403
64035,0.0630975143403
64036,0.0630975143403
64037,0.0630975143403
64038,0.0
64039,0.176029962547
64040,0.153846153846
64041,0.176029962547
64042,0.176029962547
64043,0.0888888888889
64044,0.0123456790123
64045,0.0123456790123
64046,0.0
64047,0.0
64048,0.0392156862745
64049,0.0392156862745
64050,0.176029962547
64051,0.0
64052,0.0123456790123
64053,0.176029962547
64054,0.0630975143403
64055,0.176029962547
64056,0.0630975143403
64057,0.176029962547
64058,0.0
64059,0.0630975143403
64060,0.176029962547
64061,0.0
64062,0.0
64063,0.176029962547
64064,0.176029962547
64065,0.176029962547
64066,0.0
64067,0.0
64068,0.0630975143403
64069,0.0
64070,0.4
64071,0.0
64072,0.0
64073,0.153846153846
64074,0.164179104478
64075,0.176029962547
64076,0.176029962547
64077,0.176029962547
64078,0.176029962547
64079,0.0630975143403
64080,0.176029962547
64081,0.176029962547
64082,0.0
64083,0.0888888888889
64084,0.176029962547
64085,0.0630975143403
64086,0.0
64087,0.0123456790123
64088,0.0
64089,0.166666666667
64090,0.0123456790123
64091,0.1
64092,0.0630975143403
64093,0.1
64094,0.0630975143403
64095,0.0
64096,0.0630975143403
64097,0.4
64098,0.0
64099,0.176029962547
64100,0.166666666667
64101,0.0630975143403
64102,0.0
64103,0.0630975143403
64104,0.0
64105,0.0
64106,0.0
64107,0.0
64108,0.166666666667
64109,0.0392156862745
64110,0.0
64111,0.0
64112,0.176029962547
64113,0.0630975143403
64114,0.153846153846
64115,0.0630975143403
64116,0.166666666667
64117,0.166666666667
64118,0.0
64119,0.0
64120,0.0630975143403
64121,0.0
64122,0.0
64123,0.166666666667
64124,0.176029962547
64125,0.0123456790123
64126,0.166666666667
64127,0.0630975143403
64128,0.0123456790123
64129,0.0
64130,0.0123456790123
64131,0.176029962547
64132,0.0630975143403
64133,0.0
64134,0.1
64135,0.0
64136,0.0630975143403
64137,0.176029962547
64138,0.0123456790123
64139,0.0630975143403
64140,0.176029962547
64141,0.0
64142,0.0
64143,0.176029962547
64144,1.0
64145,0.176029962547
64146,0.0630975143403
64147,0.0630975143403
64148,0.0630975143403
64149,0.0630975143403
64150,0.0
64151,0.1
64152,0.176029962547
64153,0.0
64154,0.0630975143403
64155,0.0909090909091
64156,0.0123456790123
64157,0.166666666667
64158,0.0630975143403
64159,0.176029962547
64160,0.0
64161,0.0630975143403
64162,0.0630975143403
64163,0.0
64164,0.0
64165,0.0630975143403
64166,0.0
64167,0.176029962547
64168,0.0
64169,0.0123456790123
64170,0.166666666667
64171,0.0630975143403
64172,0.0
64173,0.0630975143403
64174,0.0630975143403
64175,0.0
64176,0.164179104478
64177,0.0123456790123
64178,0.176029962547
64179,0.176029962547
64180,0.0630975143403
64181,0.0
64182,0.166666666667
64183,0.176029962547
64184,0.0
64185,0.0
64186,0.0630975143403
64187,0.0
64188,0.0630975143403
64189,0.0123456790123
64190,0.0
64191,0.176029962547
64192,0.176029962547
64193,0.0
64194,0.0
64195,0.176029962547
64196,0.0
64197,0.230188679245
64198,0.0123456790123
64199,0.0123456790123
64200,0.0123456790123
64201,0.4
64202,0.0630975143403
64203,0.0123456790123
64204,0.0
64205,0.0392156862745
64206,0.0
64207,0.0630975143403
64208,0.0630975143403
64209,0.0
64210,0.0
64211,0.0630975143403
64212,0.0
64213,0.176029962547
64214,0.0630975143403
64215,0.0123456790123
64216,0.0
64217,0.0888888888889
64218,0.0
64219,0.176029962547
64220,0.1
64221,0.0
64222,0.0
64223,0.0123456790123
64224,0.0123456790123
64225,0.176029962547
64226,0.0630975143403
64227,0.0
64228,0.176029962547
64229,1.0
64230,0.0
64231,0.176029962547
64232,0.0
64233,0.176029962547
64234,0.0
64235,0.0630975143403
64236,0.0
64237,0.0
64238,0.0
64239,0.0630975143403
64240,0.0630975143403
64241,0.0630975143403
64242,0.0123456790123
64243,0.0
64244,0.0630975143403
64245,0.176029962547
64246,0.0630975143403
64247,0.0
64248,0.0
64249,0.166666666667
64250,0.0630975143403
64251,0.176029962547
64252,0.0
64253,0.0
64254,0.0
64255,0.0
64256,0.1
64257,0.1
64258,0.164179104478
64259,0.0630975143403
64260,0.0123456790123
64261,1.0
64262,0.0
64263,0.0123456790123
64264,0.0123456790123
64265,0.122807017544
64266,0.0630975143403
64267,0.0
64268,0.164179104478
64269,0.0
64270,0.0
64271,0.0123456790123
64272,0.0
64273,0.0
64274,0.0630975143403
64275,0.0630975143403
64276,0.0
64277,0.0
64278,0.0888888888889
64279,0.230188679245
64280,0.230188679245
64281,0.0630975143403
64282,0.0123456790123
64283,0.0630975143403
64284,0.0630975143403
64285,0.0630975143403
64286,0.0630975143403
64287,0.0
64288,0.0
64289,0.0
64290,0.0630975143403
64291,0.0
64292,0.0630975143403
64293,0.0888888888889
64294,0.0
64295,0.0123456790123
64296,0.230188679245
64297,0.0630975143403
64298,0.0123456790123
64299,0.0630975143403
64300,0.0630975143403
64301,0.164179104478
64302,0.164179104478
64303,0.0630975143403
64304,0.0
64305,0.0
64306,0.0
64307,0.0630975143403
64308,0.0630975143403
64309,0.176029962547
64310,0.0
64311,0.0630975143403
64312,0.0123456790123
64313,0.0630975143403
64314,0.0630975143403
64315,0.0123456790123
64316,0.0630975143403
64317,0.176029962547
64318,0.0630975143403
64319,0.176029962547
64320,0.0888888888889
64321,0.176029962547
64322,0.1
64323,0.0630975143403
64324,0.0123456790123
64325,0.0
64326,0.0630975143403
64327,0.0
64328,0.0
64329,0.0
64330,0.0630975143403
64331,0.0
64332,0.1
64333,0.0
64334,0.1
64335,0.176029962547
64336,0.0123456790123
64337,0.0
64338,0.0
64339,0.0123456790123
64340,0.0
64341,0.122807017544
64342,0.0630975143403
64343,0.0
64344,0.1
64345,0.0123456790123
64346,0.0888888888889
64347,0.166666666667
64348,0.142857142857
64349,0.0630975143403
64350,0.0
64351,0.0630975143403
64352,0.0630975143403
64353,0.0123456790123
64354,0.0123456790123
64355,0.0
64356,0.0630975143403
64357,0.0
64358,0.153846153846
64359,0.0630975143403
64360,0.0123456790123
64361,0.0630975143403
64362,0.0392156862745
64363,0.0123456790123
64364,0.153846153846
64365,0.0630975143403
64366,0.0630975143403
64367,0.0630975143403
64368,0.176029962547
64369,0.0888888888889
64370,0.122807017544
64371,0.0
64372,0.166666666667
64373,0.0909090909091
64374,0.0
64375,0.0
64376,1.0
64377,0.0123456790123
64378,0.166666666667
64379,0.0630975143403
64380,0.230188679245
64381,0.0
64382,0.0
64383,0.176029962547
64384,0.0123456790123
64385,0.0630975143403
64386,0.142857142857
64387,0.0630975143403
64388,0.0
64389,0.230188679245
64390,0.1
64391,0.0
64392,0.0909090909091
64393,0.122807017544
64394,0.176029962547
64395,0.122807017544
64396,0.0630975143403
64397,0.0
64398,0.0123456790123
64399,0.0630975143403
64400,0.0
64401,0.0888888888889
64402,0.0
64403,0.0
64404,0.0
64405,0.0
64406,0.176029962547
64407,0.0630975143403
64408,0.166666666667
64409,0.0123456790123
64410,0.0
64411,0.0630975143403
64412,0.142857142857
64413,0.0
64414,0.0
64415,0.0123456790123
64416,0.166666666667
64417,0.166666666667
64418,0.164179104478
64419,0.176029962547
64420,0.0
64421,0.0630975143403
64422,0.162162162162
64423,0.164179104478
64424,0.0
64425,0.162162162162
64426,0.0
64427,0.0
64428,0.0
64429,0.272058823529
64430,0.0
64431,0.176029962547
64432,0.0123456790123
64433,0.0123456790123
64434,0.0
64435,0.166666666667
64436,0.0
64437,0.0
64438,0.0
64439,0.5
64440,0.5
64441,0.0630975143403
64442,0.0
64443,0.166666666667
64444,0.0630975143403
64445,0.5
64446,0.5
64447,0.1
64448,0.0630975143403
64449,0.176029962547
64450,0.272058823529
64451,0.0123456790123
64452,0.166666666667
64453,0.0888888888889
64454,0.0123456790123
64455,0.0123456790123
64456,0.0
64457,0.176029962547
64458,0.0
64459,0.0630975143403
64460,0.0
64461,0.0630975143403
64462,0.176029962547
64463,0.0123456790123
64464,0.0888888888889
64465,0.176029962547
64466,0.176029962547
64467,0.176029962547
64468,0.176029962547
64469,0.0
64470,0.0630975143403
64471,0.0
64472,0.0392156862745
64473,0.153846153846
64474,0.0630975143403
64475,1.0
64476,0.0123456790123
64477,0.0
64478,0.0630975143403
64479,0.0630975143403
64480,0.0630975143403
64481,0.0630975143403
64482,0.176029962547
64483,0.0
64484,0.0123456790123
64485,0.122807017544
64486,0.0123456790123
64487,0.0123456790123
64488,0.0630975143403
64489,0.0392156862745
64490,0.176029962547
64491,0.0630975143403
64492,0.0630975143403
64493,0.0
64494,0.0630975143403
64495,0.0
64496,0.176029962547
64497,0.0630975143403
64498,0.166666666667
64499,0.0630975143403
64500,0.0
64501,0.0630975143403
64502,0.122807017544
64503,0.0630975143403
64504,0.0
64505,0.0909090909091
64506,0.0
64507,0.176029962547
64508,0.0
64509,0.0123456790123
64510,0.0630975143403
64511,0.0630975143403
64512,0.0
64513,0.0123456790123
64514,0.0630975143403
64515,0.0
64516,0.0630975143403
64517,0.0630975143403
64518,0.0630975143403
64519,0.0
64520,0.162162162162
64521,0.122807017544
64522,0.0
64523,0.166666666667
64524,0.1
64525,0.0
64526,0.0630975143403
64527,0.272058823529
64528,0.0
64529,0.230188679245
64530,0.0
64531,0.0123456790123
64532,0.0123456790123
64533,0.0630975143403
64534,0.0123456790123
64535,0.0630975143403
64536,0.230188679245
64537,0.0
64538,0.0630975143403
64539,0.0630975143403
64540,0.0630975143403
64541,0.0630975143403
64542,0.0
64543,0.166666666667
64544,0.0
64545,0.0
64546,0.0630975143403
64547,0.153846153846
64548,0.0
64549,0.0630975143403
64550,0.0
64551,0.0123456790123
64552,0.142857142857
64553,0.4
64554,0.0392156862745
64555,0.0630975143403
64556,0.0630975143403
64557,0.0
64558,0.0
64559,0.230188679245
64560,0.0630975143403
64561,0.0
64562,0.0630975143403
64563,0.0123456790123
64564,0.0630975143403
64565,0.0630975143403
64566,0.0392156862745
64567,0.0
64568,0.0630975143403
64569,0.0888888888889
64570,0.0630975143403
64571,0.0630975143403
64572,0.166666666667
64573,0.0909090909091
64574,0.4
64575,0.0888888888889
64576,0.0
64577,0.0123456790123
64578,0.0123456790123
64579,0.0
64580,0.0392156862745
64581,0.0888888888889
64582,0.0630975143403
64583,0.176029962547
64584,0.0630975143403
64585,0.0888888888889
64586,0.0
64587,0.0
64588,0.0123456790123
64589,0.0
64590,0.0630975143403
64591,0.230188679245
64592,0.0630975143403
64593,0.164179104478
64594,0.0
64595,0.0
64596,0.0123456790123
64597,0.0888888888889
64598,0.0630975143403
64599,0.0392156862745
64600,0.0
64601,0.0392156862745
64602,0.0123456790123
64603,0.0123456790123
64604,0.0123456790123
64605,0.0630975143403
64606,0.176029962547
64607,0.0630975143403
64608,0.0909090909091
64609,0.0630975143403
64610,0.122807017544
64611,0.0630975143403
64612,0.0123456790123
64613,0.0
64614,0.0392156862745
64615,0.0
64616,0.0123456790123
64617,0.0
64618,0.0123456790123
64619,0.230188679245
64620,0.164179104478
64621,0.0630975143403
64622,0.0
64623,0.0630975143403
64624,0.0630975143403
64625,0.0
64626,0.0630975143403
64627,0.0630975143403
64628,0.0123456790123
64629,0.0
64630,0.0630975143403
64631,0.166666666667
64632,0.0123456790123
64633,0.0
64634,0.0630975143403
64635,0.0
64636,0.0
64637,0.0
64638,0.0392156862745
64639,0.0909090909091
64640,0.0630975143403
64641,0.162162162162
64642,0.0123456790123
64643,0.0630975143403
64644,0.0909090909091
64645,0.0123456790123
64646,0.0630975143403
64647,0.0888888888889
64648,0.0123456790123
64649,0.0
64650,0.0123456790123
64651,0.0630975143403
64652,0.0392156862745
64653,0.230188679245
64654,0.0
64655,0.0
64656,0.0123456790123
64657,0.428571428571
64658,0.0630975143403
64659,0.164179104478
64660,0.0630975143403
64661,0.0630975143403
64662,0.0123456790123
64663,0.0888888888889
64664,0.0123456790123
64665,0.0
64666,0.0
64667,0.0909090909091
64668,0.0392156862745
64669,0.0
64670,0.142857142857
64671,0.176029962547
64672,0.0
64673,0.0123456790123
64674,0.0123456790123
64675,0.0
64676,0.0630975143403
64677,0.0630975143403
64678,0.0888888888889
64679,0.162162162162
64680,0.0630975143403
64681,0.0888888888889
64682,0.0630975143403
64683,0.0123456790123
64684,0.0123456790123
64685,0.176029962547
64686,0.0630975143403
64687,0.0630975143403
64688,0.230188679245
64689,0.0392156862745
64690,0.0123456790123
64691,0.0
64692,0.0123456790123
64693,0.230188679245
64694,0.176029962547
64695,0.166666666667
64696,0.162162162162
64697,0.176029962547
64698,0.176029962547
64699,0.0
64700,0.176029962547
64701,0.0630975143403
64702,0.0
64703,0.0123456790123
64704,0.0
64705,0.0123456790123
64706,0.0123456790123
64707,0.0
64708,0.272058823529
64709,0.0630975143403
64710,0.0630975143403
64711,0.0
64712,0.176029962547
64713,0.166666666667
64714,0.0
64715,0.176029962547
64716,0.0
64717,0.0
64718,0.0123456790123
64719,0.0
64720,0.0
64721,0.176029962547
64722,0.0
64723,0.153846153846
64724,0.0630975143403
64725,0.0
64726,0.0
64727,0.0
64728,0.4
64729,0.166666666667
64730,0.0630975143403
64731,0.0
64732,0.0888888888889
64733,0.0888888888889
64734,0.0123456790123
64735,0.0630975143403
64736,0.0123456790123
64737,0.176029962547
64738,0.164179104478
64739,0.0123456790123
64740,0.0630975143403
64741,0.166666666667
64742,0.166666666667
64743,0.176029962547
64744,0.0888888888889
64745,0.0630975143403
64746,0.0630975143403
64747,0.0630975143403
64748,0.0392156862745
64749,0.0630975143403
64750,0.0630975143403
64751,0.0630975143403
64752,0.142857142857
64753,0.176029962547
64754,0.0
64755,0.0
64756,0.1
64757,0.0123456790123
64758,0.176029962547
64759,0.164179104478
64760,0.0
64761,0.176029962547
64762,0.176029962547
64763,0.0
64764,0.166666666667
64765,0.176029962547
64766,0.0123456790123
64767,0.0
64768,0.0630975143403
64769,0.0
64770,0.0392156862745
64771,0.0
64772,0.0123456790123
64773,0.0123456790123
64774,0.0123456790123
64775,0.0392156862745
64776,0.0
64777,0.0123456790123
64778,0.1
64779,0.0123456790123
64780,1.0
64781,0.0
64782,0.176029962547
64783,0.164179104478
64784,0.0630975143403
64785,0.0630975143403
64786,0.0
64787,0.0
64788,0.0123456790123
64789,0.176029962547
64790,0.4
64791,0.0123456790123
64792,0.0888888888889
64793,0.0630975143403
64794,0.0
64795,0.0888888888889
64796,0.153846153846
64797,0.0
64798,0.0
64799,0.0
64800,0.0630975143403
64801,0.0123456790123
64802,0.0123456790123
64803,0.0630975143403
64804,0.0392156862745
64805,0.0630975143403
64806,0.0630975143403
64807,0.0392156862745
64808,0.0
64809,0.0123456790123
64810,0.0
64811,0.1
64812,0.1
64813,0.0
64814,0.0630975143403
64815,0.0630975143403
64816,0.0123456790123
64817,0.0
64818,0.0888888888889
64819,0.0
64820,0.0
64821,0.0123456790123
64822,0.0
64823,0.0123456790123
64824,0.0
64825,0.176029962547
64826,0.0630975143403
64827,0.0123456790123
64828,0.0630975143403
64829,0.0630975143403
64830,0.0
64831,0.0123456790123
64832,0.166666666667
64833,0.0
64834,0.0630975143403
64835,0.0123456790123
64836,0.0
64837,0.4
64838,0.0
64839,0.0630975143403
64840,0.0630975143403
64841,0.0
64842,0.0123456790123
64843,0.166666666667
64844,0.0630975143403
64845,0.0630975143403
64846,0.176029962547
64847,0.0630975143403
64848,0.166666666667
64849,0.0123456790123
64850,0.0630975143403
64851,0.0630975143403
64852,0.0123456790123
64853,0.0630975143403
64854,0.0630975143403
64855,0.0630975143403
64856,0.176029962547
64857,0.0630975143403
64858,0.0
64859,0.176029962547
64860,0.0
64861,0.0123456790123
64862,0.176029962547
64863,0.230188679245
64864,0.0630975143403
64865,0.176029962547
64866,0.0
64867,0.0
64868,0.0630975143403
64869,0.0630975143403
64870,0.176029962547
64871,0.0
64872,0.0
64873,0.0630975143403
64874,0.230188679245
64875,0.176029962547
64876,0.142857142857
64877,0.176029962547
64878,0.0
64879,0.0
64880,0.176029962547
64881,0.176029962547
64882,0.0630975143403
64883,0.0
64884,0.176029962547
64885,0.176029962547
64886,0.166666666667
64887,0.0123456790123
64888,1.0
64889,0.1
64890,0.176029962547
64891,0.0123456790123
64892,0.0123456790123
64893,0.0
64894,0.1
64895,0.0
64896,0.166666666667
64897,0.1
64898,0.0630975143403
64899,0.0123456790123
64900,0.230188679245
64901,0.0630975143403
64902,0.0888888888889
64903,0.153846153846
64904,0.0
64905,0.0123456790123
64906,0.0
64907,0.0
64908,0.0888888888889
64909,0.0392156862745
64910,0.176029962547
64911,0.0630975143403
64912,0.0630975143403
64913,0.0123456790123
64914,0.0630975143403
64915,0.0630975143403
64916,0.176029962547
64917,0.230188679245
64918,0.0123456790123
64919,0.1
64920,0.0630975143403
64921,0.176029962547
64922,0.0123456790123
64923,0.0
64924,0.0
64925,0.0
64926,0.0392156862745
64927,0.0909090909091
64928,0.176029962547
64929,0.0888888888889
64930,0.0123456790123
64931,0.0392156862745
64932,0.164179104478
64933,0.0630975143403
64934,0.0123456790123
64935,0.0123456790123
64936,0.166666666667
64937,0.176029962547
64938,0.0392156862745
64939,0.0
64940,0.0
64941,0.0123456790123
64942,0.176029962547
64943,0.1
64944,0.166666666667
64945,0.0123456790123
64946,0.0630975143403
64947,0.0888888888889
64948,0.0392156862745
64949,0.0
64950,0.1
64951,0.0
64952,0.0630975143403
64953,0.0
64954,0.164179104478
64955,0.0630975143403
64956,0.0630975143403
64957,0.0
64958,0.0630975143403
64959,0.0
64960,0.176029962547
64961,0.0392156862745
64962,0.0
64963,0.0
64964,0.1
64965,0.0123456790123
64966,0.0630975143403
64967,0.0
64968,0.0123456790123
64969,0.0
64970,0.0630975143403
64971,0.0
64972,0.0
64973,0.0
64974,0.176029962547
64975,0.166666666667
64976,0.0630975143403
64977,0.0
64978,0.162162162162
64979,0.0392156862745
64980,0.166666666667
64981,0.0123456790123
64982,0.0
64983,0.0123456790123
64984,0.0392156862745
64985,0.0123456790123
64986,0.176029962547
64987,1.0
64988,0.0123456790123
64989,0.0
64990,0.0630975143403
64991,0.0630975143403
64992,0.0
64993,0.0123456790123
64994,0.0630975143403
64995,0.0
64996,0.0
64997,0.0888888888889
64998,0.0123456790123
64999,0.0
65000,0.0
65001,0.0
65002,0.0630975143403
65003,0.166666666667
65004,0.122807017544
65005,0.176029962547
65006,0.0630975143403
65007,0.0630975143403
65008,0.166666666667
65009,0.230188679245
65010,0.0
65011,0.0630975143403
65012,0.0630975143403
65013,0.166666666667
65014,0.166666666667
65015,0.0
65016,0.0630975143403
65017,0.0630975143403
65018,0.0
65019,0.0
65020,0.0630975143403
65021,0.0
65022,0.0123456790123
65023,0.0
65024,0.0392156862745
65025,0.176029962547
65026,0.0630975143403
65027,0.0123456790123
65028,0.164179104478
65029,0.176029962547
65030,0.0123456790123
65031,0.164179104478
65032,0.0
65033,0.176029962547
65034,0.0123456790123
65035,0.176029962547
65036,0.166666666667
65037,0.0123456790123
65038,0.176029962547
65039,0.0630975143403
65040,0.176029962547
65041,0.122807017544
65042,0.0123456790123
65043,0.0
65044,0.0
65045,0.0123456790123
65046,0.0
65047,0.0
65048,0.0
65049,0.0630975143403
65050,0.0
65051,0.0630975143403
65052,0.0630975143403
65053,0.0
65054,0.176029962547
65055,0.0
65056,0.176029962547
65057,0.142857142857
65058,0.0
65059,0.166666666667
65060,0.162162162162
65061,0.0630975143403
65062,0.166666666667
65063,0.0
65064,0.176029962547
65065,0.0630975143403
65066,0.0630975143403
65067,0.0
65068,0.164179104478
65069,0.0630975143403
65070,0.176029962547
65071,0.0123456790123
65072,0.176029962547
65073,0.0
65074,0.0630975143403
65075,0.0630975143403
65076,0.0630975143403
65077,0.0630975143403
65078,0.0123456790123
65079,0.0
65080,0.0
65081,0.0630975143403
65082,0.0630975143403
65083,0.230188679245
65084,0.0630975143403
65085,0.0630975143403
65086,0.0630975143403
65087,0.0
65088,0.0
65089,0.0630975143403
65090,0.0
65091,0.0
65092,0.0123456790123
65093,0.0630975143403
65094,0.0
65095,1.0
65096,0.164179104478
65097,0.0
65098,0.0630975143403
65099,0.0123456790123
65100,0.0
65101,0.166666666667
65102,0.176029962547
65103,0.166666666667
65104,0.0888888888889
65105,0.0123456790123
65106,0.0630975143403
65107,0.176029962547
65108,0.164179104478
65109,0.0123456790123
65110,0.176029962547
65111,0.0630975143403
65112,0.0
65113,0.176029962547
65114,0.0630975143403
65115,0.0123456790123
65116,0.0
65117,0.5
65118,0.0
65119,0.0630975143403
65120,0.176029962547
65121,0.0
65122,0.0123456790123
65123,0.0630975143403
65124,0.0123456790123
65125,0.230188679245
65126,0.0630975143403
65127,0.0
65128,0.0123456790123
65129,0.166666666667
65130,0.0630975143403
65131,0.0630975143403
65132,0.0123456790123
65133,0.153846153846
65134,0.230188679245
65135,0.176029962547
65136,0.0630975143403
65137,0.176029962547
65138,0.0
65139,0.0
65140,0.166666666667
65141,0.0630975143403
65142,0.176029962547
65143,0.0
65144,0.0
65145,0.0630975143403
65146,0.230188679245
65147,0.0
65148,0.230188679245
65149,0.0630975143403
65150,0.166666666667
65151,0.0630975143403
65152,0.0
65153,0.0630975143403
65154,0.0123456790123
65155,0.176029962547
65156,0.122807017544
65157,0.0392156862745
65158,0.0
65159,0.0630975143403
65160,0.0
65161,0.0
65162,0.0123456790123
65163,0.0392156862745
65164,0.176029962547
65165,0.0
65166,0.0630975143403
65167,0.0630975143403
65168,0.0
65169,0.0
65170,0.0630975143403
65171,0.1
65172,0.0
65173,1.0
65174,0.0630975143403
65175,0.176029962547
65176,0.0630975143403
65177,0.0
65178,0.0630975143403
65179,0.0
65180,0.0123456790123
65181,0.0
65182,0.1
65183,0.0
65184,0.0
65185,0.0
65186,0.0
65187,0.230188679245
65188,0.0123456790123
65189,0.0123456790123
65190,0.0
65191,0.0630975143403
65192,0.0630975143403
65193,0.0630975143403
65194,0.0123456790123
65195,0.0630975143403
65196,0.0123456790123
65197,0.0
65198,0.4
65199,0.0
65200,0.0
65201,0.0888888888889
65202,0.428571428571
65203,0.0630975143403
65204,0.0
65205,0.0
65206,0.230188679245
65207,0.230188679245
65208,0.164179104478
65209,0.0630975143403
65210,0.0
65211,0.0630975143403
65212,0.0
65213,0.0630975143403
65214,0.0123456790123
65215,0.0123456790123
65216,0.0630975143403
65217,0.0630975143403
65218,0.0630975143403
65219,0.0
65220,0.0630975143403
65221,0.0
65222,0.0
65223,0.0
65224,0.0630975143403
65225,0.0630975143403
65226,0.0
65227,0.0630975143403
65228,0.0
65229,0.0630975143403
65230,0.0
65231,0.0123456790123
65232,0.0123456790123
65233,0.0
65234,0.0
65235,0.0123456790123
65236,0.166666666667
65237,0.0630975143403
65238,0.230188679245
65239,0.0630975143403
65240,0.230188679245
65241,0.0
65242,0.0392156862745
65243,0.0123456790123
65244,1.0
65245,0.0630975143403
65246,0.0
65247,0.142857142857
65248,0.0123456790123
65249,0.0
65250,0.166666666667
65251,0.0
65252,0.0630975143403
65253,0.176029962547
65254,0.0630975143403
65255,0.0123456790123
65256,0.0123456790123
65257,0.166666666667
65258,0.0630975143403
65259,0.0
65260,0.0630975143403
65261,0.0123456790123
65262,0.0630975143403
65263,0.0630975143403
65264,0.164179104478
65265,0.0123456790123
65266,0.0123456790123
65267,0.0123456790123
65268,0.0123456790123
65269,0.0630975143403
65270,0.0630975143403
65271,0.0
65272,0.166666666667
65273,0.0630975143403
65274,0.0123456790123
65275,0.0123456790123
65276,0.0888888888889
65277,0.0123456790123
65278,0.0123456790123
65279,0.0909090909091
65280,0.0
65281,0.0
65282,0.0630975143403
65283,0.0630975143403
65284,0.0
65285,0.0630975143403
65286,0.0123456790123
65287,0.0
65288,0.0123456790123
65289,0.0123456790123
65290,0.0123456790123
65291,0.0
65292,0.0
65293,0.230188679245
65294,0.166666666667
65295,0.230188679245
65296,0.0630975143403
65297,0.0888888888889
65298,0.0630975143403
65299,0.0630975143403
65300,0.0
65301,0.0
65302,0.4
65303,0.166666666667
65304,0.0888888888889
65305,0.166666666667
65306,0.0
65307,0.0888888888889
65308,0.0
65309,0.0
65310,0.0630975143403
65311,0.0630975143403
65312,0.0
65313,0.0123456790123
65314,0.0123456790123
65315,0.0630975143403
65316,0.0123456790123
65317,0.0630975143403
65318,0.230188679245
65319,0.0
65320,0.0
65321,0.0
65322,0.0123456790123
65323,0.0888888888889
65324,0.0
65325,0.0
65326,0.0
65327,0.0630975143403
65328,0.0
65329,0.0
65330,0.272058823529
65331,0.0392156862745
65332,0.176029962547
65333,0.0123456790123
65334,0.0630975143403
65335,0.0630975143403
65336,0.0630975143403
65337,0.0
65338,0.0630975143403
65339,0.176029962547
65340,0.0392156862745
65341,0.0
65342,0.0630975143403
65343,0.0630975143403
65344,0.0
65345,0.176029962547
65346,0.176029962547
65347,0.0909090909091
65348,0.0909090909091
65349,0.230188679245
65350,0.0630975143403
65351,0.166666666667
65352,0.0630975143403
65353,0.0123456790123
65354,0.0
65355,0.0
65356,0.5
65357,0.0
65358,0.0123456790123
65359,0.0
65360,0.166666666667
65361,0.0630975143403
65362,0.0
65363,0.0123456790123
65364,0.0
65365,0.0
65366,0.0123456790123
65367,0.0
65368,0.176029962547
65369,0.0123456790123
65370,0.0630975143403
65371,0.176029962547
65372,0.1
65373,0.0
65374,0.166666666667
65375,0.0
65376,0.0
65377,1.0
65378,0.0
65379,0.0630975143403
65380,0.0630975143403
65381,0.0909090909091
65382,0.0
65383,0.0123456790123
65384,0.230188679245
65385,0.176029962547
65386,0.0
65387,0.0
65388,0.0
65389,0.166666666667
65390,0.176029962547
65391,0.176029962547
65392,0.0
65393,0.176029962547
65394,0.0392156862745
65395,0.0123456790123
65396,0.0123456790123
65397,0.0630975143403
65398,0.0392156862745
65399,0.0630975143403
65400,0.0
65401,0.0630975143403
65402,0.164179104478
65403,0.0123456790123
65404,0.166666666667
65405,0.0
65406,0.176029962547
65407,0.0
65408,0.0123456790123
65409,0.176029962547
65410,0.166666666667
65411,0.176029962547
65412,0.0123456790123
65413,0.0
65414,0.0
65415,0.0
65416,0.0630975143403
65417,0.0630975143403
65418,0.0123456790123
65419,0.0
65420,0.164179104478
65421,0.0630975143403
65422,0.176029962547
65423,0.0123456790123
65424,0.0
65425,0.0630975143403
65426,0.0
65427,0.0
65428,0.0630975143403
65429,0.1
65430,0.153846153846
65431,0.176029962547
65432,0.176029962547
65433,0.230188679245
65434,0.0888888888889
65435,0.0630975143403
65436,0.176029962547
65437,0.0888888888889
65438,0.176029962547
65439,0.0
65440,0.176029962547
65441,0.0630975143403
65442,0.0630975143403
65443,0.1
65444,0.176029962547
65445,0.0
65446,0.176029962547
65447,0.0
65448,0.0123456790123
65449,0.0888888888889
65450,0.0
65451,0.0630975143403
65452,0.0909090909091
65453,0.0392156862745
65454,0.0630975143403
65455,0.176029962547
65456,0.176029962547
65457,0.0123456790123
65458,0.0630975143403
65459,0.0888888888889
65460,0.0
65461,0.0123456790123
65462,0.0
65463,0.166666666667
65464,0.0630975143403
65465,0.0123456790123
65466,0.0
65467,0.0
65468,0.0630975143403
65469,0.4
65470,0.0
65471,0.0
65472,0.0123456790123
65473,0.230188679245
65474,0.166666666667
65475,0.1
65476,0.0123456790123
65477,0.0123456790123
65478,0.176029962547
65479,0.176029962547
65480,0.0123456790123
65481,0.0630975143403
65482,0.0630975143403
65483,0.164179104478
65484,0.0123456790123
65485,0.0123456790123
65486,0.1
65487,0.0
65488,0.0888888888889
65489,0.0
65490,0.0630975143403
65491,0.0123456790123
65492,0.0392156862745
65493,0.0888888888889
65494,0.0123456790123
65495,0.0392156862745
65496,0.0630975143403
65497,0.0
65498,0.0630975143403
65499,0.176029962547
65500,0.0123456790123
65501,0.0630975143403
65502,0.0630975143403
65503,0.176029962547
65504,0.0630975143403
65505,0.176029962547
65506,0.0
65507,0.0
65508,0.0123456790123
65509,0.0
65510,0.166666666667
65511,0.176029962547
65512,0.166666666667
65513,0.0
65514,0.0630975143403
65515,0.0
65516,0.164179104478
65517,0.176029962547
65518,0.0392156862745
65519,0.0
65520,0.0
65521,0.0
65522,0.0
65523,0.176029962547
65524,0.176029962547
65525,0.0123456790123
65526,0.0630975143403
65527,0.0
65528,0.176029962547
65529,0.0
65530,0.0
65531,0.176029962547
65532,0.0392156862745
65533,0.1
65534,0.0
65535,0.0
65536,0.0123456790123
65537,0.176029962547
65538,0.1
65539,0.0
65540,0.176029962547
65541,0.122807017544
65542,0.0
65543,0.0
65544,0.176029962547
65545,0.0630975143403
65546,0.0123456790123
65547,0.1
65548,0.142857142857
65549,0.176029962547
65550,0.0
65551,0.0630975143403
65552,0.0888888888889
65553,0.0909090909091
65554,0.0
65555,0.176029962547
65556,0.0630975143403
65557,0.0630975143403
65558,0.0
65559,0.176029962547
65560,0.0630975143403
65561,0.0630975143403
65562,0.0123456790123
65563,0.0630975143403
65564,0.0123456790123
65565,0.0
65566,0.0630975143403
65567,0.0
65568,0.0630975143403
65569,0.0
65570,0.166666666667
65571,0.0630975143403
65572,0.0
65573,0.176029962547
65574,0.1
65575,0.176029962547
65576,0.0630975143403
65577,0.0
65578,0.0630975143403
65579,0.0630975143403
65580,0.0123456790123
65581,0.0
65582,0.0
65583,0.0630975143403
65584,0.0
65585,0.0
65586,0.0630975143403
65587,0.0630975143403
65588,0.230188679245
65589,0.0
65590,0.176029962547
65591,0.176029962547
65592,0.176029962547
65593,0.272058823529
65594,1.0
65595,0.0123456790123
65596,0.1
65597,0.0
65598,0.0123456790123
65599,0.1
65600,0.0
65601,0.176029962547
65602,0.176029962547
65603,0.0
65604,0.0630975143403
65605,0.0123456790123
65606,0.0
65607,0.1
65608,0.230188679245
65609,0.176029962547
65610,0.0888888888889
65611,0.0630975143403
65612,0.176029962547
65613,0.0
65614,0.0123456790123
65615,0.0630975143403
65616,0.0888888888889
65617,0.0888888888889
65618,0.176029962547
65619,0.1
65620,0.176029962547
65621,0.164179104478
65622,0.0123456790123
65623,0.0123456790123
65624,0.0630975143403
65625,0.0630975143403
65626,0.164179104478
65627,0.0630975143403
65628,0.0123456790123
65629,0.0
65630,0.162162162162
65631,0.166666666667
65632,0.0
65633,0.0630975143403
65634,0.0909090909091
65635,0.0
65636,0.0
65637,0.0
65638,0.0
65639,0.0630975143403
65640,0.0630975143403
65641,0.230188679245
65642,0.176029962547
65643,0.176029962547
65644,0.176029962547
65645,0.0630975143403
65646,0.0123456790123
65647,0.166666666667
65648,0.0
65649,0.0
65650,0.0630975143403
65651,0.0630975143403
65652,0.0
65653,0.0392156862745
65654,0.142857142857
65655,0.1
65656,0.0630975143403
65657,1.0
65658,0.0
65659,0.176029962547
65660,0.0
65661,0.1
65662,0.1
65663,0.0123456790123
65664,0.153846153846
65665,0.0
65666,0.0630975143403
65667,0.0123456790123
65668,0.0
65669,0.0
65670,0.176029962547
65671,0.0123456790123
65672,0.0630975143403
65673,0.0
65674,0.166666666667
65675,0.1
65676,0.0630975143403
65677,0.0392156862745
65678,0.176029962547
65679,0.0
65680,0.230188679245
65681,0.1
65682,0.0
65683,0.0630975143403
65684,0.0123456790123
65685,0.230188679245
65686,0.0
65687,0.0630975143403
65688,0.142857142857
65689,0.176029962547
65690,0.0
65691,0.0630975143403
65692,0.0630975143403
65693,0.176029962547
65694,0.0
65695,0.153846153846
65696,0.176029962547
65697,0.0
65698,0.0
65699,0.0
65700,0.0630975143403
65701,0.0
65702,0.0123456790123
65703,0.0123456790123
65704,0.0
65705,0.166666666667
65706,0.0123456790123
65707,0.0123456790123
65708,0.0
65709,0.0
65710,0.176029962547
65711,0.0
65712,0.0630975143403
65713,0.0630975143403
65714,0.0630975143403
65715,0.0630975143403
65716,0.0630975143403
65717,0.0
65718,0.0123456790123
65719,0.0630975143403
65720,0.0630975143403
65721,0.0630975143403
65722,0.0123456790123
65723,0.1
65724,0.176029962547
65725,0.0123456790123
65726,0.0630975143403
65727,0.166666666667
65728,0.0123456790123
65729,0.176029962547
65730,0.0123456790123
65731,0.0
65732,0.1
65733,0.0123456790123
65734,0.0
65735,0.0888888888889
65736,0.1
65737,0.0123456790123
65738,0.162162162162
65739,0.0630975143403
65740,0.0
65741,0.166666666667
65742,0.1
65743,0.176029962547
65744,0.176029962547
65745,0.0123456790123
65746,0.176029962547
65747,0.0630975143403
65748,0.176029962547
65749,0.0123456790123
65750,0.0123456790123
65751,0.0
65752,0.0
65753,0.0
65754,0.176029962547
65755,0.0
65756,0.0
65757,0.0
65758,0.0888888888889
65759,0.0123456790123
65760,0.0630975143403
65761,0.1
65762,0.176029962547
65763,0.0
65764,0.0
65765,0.0
65766,0.0630975143403
65767,0.162162162162
65768,0.176029962547
65769,0.0630975143403
65770,0.0630975143403
65771,0.0123456790123
65772,0.1
65773,0.0630975143403
65774,0.0888888888889
65775,0.0392156862745
65776,0.0
65777,0.0
65778,0.0123456790123
65779,0.166666666667
65780,0.0
65781,0.166666666667
65782,0.162162162162
65783,0.230188679245
65784,0.0123456790123
65785,0.0630975143403
65786,0.0
65787,0.166666666667
65788,0.0
65789,0.0123456790123
65790,0.0
65791,0.0
65792,0.1
65793,0.0
65794,0.166666666667
65795,0.0630975143403
65796,0.0630975143403
65797,0.0123456790123
65798,0.0
65799,0.0123456790123
65800,0.142857142857
65801,0.0392156862745
65802,0.1
65803,0.0
65804,0.0630975143403
65805,0.0630975143403
65806,0.0
65807,0.0
65808,0.176029962547
65809,0.0
65810,0.0
65811,0.0123456790123
65812,0.0630975143403
65813,0.0
65814,0.0630975143403
65815,0.0123456790123
65816,0.0123456790123
65817,0.0
65818,0.166666666667
65819,0.0
65820,1.0
65821,0.230188679245
65822,0.0
65823,0.0
65824,0.0123456790123
65825,0.0123456790123
65826,0.0123456790123
65827,0.0630975143403
65828,0.176029962547
65829,0.166666666667
65830,0.0
65831,0.0
65832,0.176029962547
65833,0.176029962547
65834,0.0
65835,0.272058823529
65836,0.162162162162
65837,0.142857142857
65838,0.0630975143403
65839,0.0630975143403
65840,0.5
65841,0.272058823529
65842,0.0630975143403
65843,0.0392156862745
65844,0.0
65845,0.0
65846,0.0
65847,0.0
65848,0.0
65849,0.0123456790123
65850,0.0630975143403
65851,0.0888888888889
65852,0.0123456790123
65853,0.0
65854,0.0
65855,0.0
65856,0.0123456790123
65857,0.0392156862745
65858,0.0630975143403
65859,0.0
65860,0.0
65861,0.0
65862,0.0
65863,0.0
65864,0.166666666667
65865,0.0
65866,0.0
65867,0.0392156862745
65868,0.0
65869,0.0
65870,0.176029962547
65871,0.0630975143403
65872,0.166666666667
65873,0.0392156862745
65874,0.5
65875,0.230188679245
65876,0.0
65877,0.176029962547
65878,0.0123456790123
65879,0.166666666667
65880,0.0630975143403
65881,0.230188679245
65882,0.0630975143403
65883,0.0630975143403
65884,0.0630975143403
65885,0.0630975143403
65886,0.0
65887,0.0630975143403
65888,0.176029962547
65889,0.0
65890,0.0630975143403
65891,0.176029962547
65892,0.166666666667
65893,0.0
65894,0.0
65895,0.176029962547
65896,0.0392156862745
65897,0.0
65898,0.0630975143403
65899,0.0
65900,0.0
65901,0.142857142857
65902,0.166666666667
65903,0.0630975143403
65904,0.0630975143403
65905,0.0123456790123
65906,0.176029962547
65907,0.5
65908,0.0
65909,0.0
65910,0.5
65911,0.0
65912,0.0
65913,0.122807017544
65914,0.0
65915,0.176029962547
65916,0.0123456790123
65917,0.0888888888889
65918,0.0
65919,0.0
65920,0.0
65921,0.0
65922,0.0123456790123
65923,0.0123456790123
65924,0.0
65925,0.0123456790123
65926,0.0
65927,0.166666666667
65928,0.0630975143403
65929,0.0888888888889
65930,0.0630975143403
65931,0.0
65932,0.0123456790123
65933,0.166666666667
65934,0.0
65935,0.0630975143403
65936,0.153846153846
65937,0.0
65938,0.0
65939,0.0
65940,0.153846153846
65941,0.0123456790123
65942,0.0630975143403
65943,0.0909090909091
65944,0.0
65945,0.0630975143403
65946,0.0630975143403
65947,0.153846153846
65948,0.164179104478
65949,0.0630975143403
65950,0.0
65951,0.0123456790123
65952,0.0630975143403
65953,0.0123456790123
65954,0.153846153846
65955,0.0630975143403
65956,0.0
65957,0.0630975143403
65958,0.1
65959,0.0909090909091
65960,0.0123456790123
65961,0.162162162162
65962,0.0909090909091
65963,0.0
65964,0.164179104478
65965,0.0
65966,0.0
65967,0.0
65968,0.166666666667
65969,0.0
65970,0.0630975143403
65971,0.166666666667
65972,0.0
65973,0.0888888888889
65974,0.1
65975,0.166666666667
65976,0.0
65977,0.0630975143403
65978,0.0
65979,0.0123456790123
65980,0.0
65981,0.166666666667
65982,0.0392156862745
65983,0.0630975143403
65984,0.0630975143403
65985,0.0
65986,0.4
65987,0.230188679245
65988,0.0630975143403
65989,0.176029962547
65990,0.0630975143403
65991,0.0
65992,0.0123456790123
65993,0.0
65994,0.0630975143403
65995,0.122807017544
65996,0.0
65997,0.0
65998,0.0
65999,0.0123456790123
66000,0.0
66001,0.0
66002,0.0123456790123
66003,0.0
66004,0.0630975143403
66005,0.176029962547
66006,0.0630975143403
66007,0.5
66008,0.0630975143403
66009,0.164179104478
66010,0.230188679245
66011,0.0
66012,1.0
66013,0.166666666667
66014,0.0
66015,0.0630975143403
66016,0.0630975143403
66017,0.0630975143403
66018,0.0
66019,0.0
66020,0.0123456790123
66021,0.0630975143403
66022,0.0
66023,0.181818181818
66024,0.272058823529
66025,0.0
66026,0.0123456790123
66027,0.0
66028,0.0630975143403
66029,0.0909090909091
66030,0.0630975143403
66031,0.0
66032,0.0123456790123
66033,0.0630975143403
66034,0.1
66035,0.0630975143403
66036,0.0
66037,0.0630975143403
66038,0.0
66039,0.0123456790123
66040,0.0
66041,0.0
66042,0.0630975143403
66043,0.0630975143403
66044,0.0630975143403
66045,0.230188679245
66046,0.0
66047,0.0630975143403
66048,0.142857142857
66049,0.0630975143403
66050,0.0630975143403
66051,0.0630975143403
66052,0.0
66053,0.0630975143403
66054,0.0
66055,0.0123456790123
66056,0.0888888888889
66057,0.0
66058,0.0
66059,0.0123456790123
66060,0.0123456790123
66061,0.0
66062,0.0630975143403
66063,0.176029962547
66064,0.0630975143403
66065,0.0
66066,0.166666666667
66067,0.0
66068,0.0630975143403
66069,0.166666666667
66070,0.0630975143403
66071,0.0123456790123
66072,0.0630975143403
66073,0.0
66074,0.166666666667
66075,0.0392156862745
66076,0.166666666667
66077,0.166666666667
66078,0.230188679245
66079,0.0123456790123
66080,0.0123456790123
66081,0.0123456790123
66082,0.166666666667
66083,0.0630975143403
66084,0.230188679245
66085,0.0630975143403
66086,0.0123456790123
66087,0.0
66088,0.0630975143403
66089,0.164179104478
66090,0.0
66091,0.4
66092,0.0630975143403
66093,0.0123456790123
66094,0.0123456790123
66095,0.0630975143403
66096,0.0
66097,0.0123456790123
66098,0.0
66099,0.0123456790123
66100,0.0392156862745
66101,0.0123456790123
66102,0.0
66103,0.176029962547
66104,0.0123456790123
66105,0.230188679245
66106,0.0
66107,0.0
66108,0.0630975143403
66109,0.0630975143403
66110,0.0
66111,0.0630975143403
66112,0.0
66113,0.0123456790123
66114,0.0630975143403
66115,0.166666666667
66116,0.0123456790123
66117,0.230188679245
66118,0.176029962547
66119,0.0630975143403
66120,0.0630975143403
66121,0.0
66122,0.0
66123,0.0888888888889
66124,0.0123456790123
66125,0.0
66126,0.0630975143403
66127,0.0630975143403
66128,0.0
66129,0.0
66130,0.0
66131,0.0
66132,0.0123456790123
66133,0.0630975143403
66134,0.0630975143403
66135,0.0
66136,0.0630975143403
66137,0.0
66138,0.0630975143403
66139,0.0392156862745
66140,0.0630975143403
66141,0.0123456790123
66142,0.0
66143,0.0630975143403
66144,0.230188679245
66145,0.0
66146,0.0888888888889
66147,0.0630975143403
66148,0.0
66149,0.0
66150,0.0630975143403
66151,0.0630975143403
66152,0.0630975143403
66153,0.0123456790123
66154,0.166666666667
66155,0.0
66156,0.0123456790123
66157,0.0
66158,0.0
66159,0.0888888888889
66160,0.0630975143403
66161,0.0
66162,0.0630975143403
66163,0.166666666667
66164,0.0123456790123
66165,0.0
66166,0.0
66167,0.0
66168,0.0
66169,0.0
66170,0.0123456790123
66171,0.0
66172,0.0
66173,0.0
66174,0.166666666667
66175,0.162162162162
66176,0.0630975143403
66177,0.0630975143403
66178,0.230188679245
66179,0.0
66180,0.162162162162
66181,0.0630975143403
66182,0.0
66183,0.0630975143403
66184,0.0
66185,0.0630975143403
66186,0.0630975143403
66187,0.0630975143403
66188,0.0
66189,0.0
66190,0.0392156862745
66191,0.0
66192,0.1
66193,0.0630975143403
66194,0.0123456790123
66195,0.0123456790123
66196,0.0
66197,0.0630975143403
66198,0.0
66199,0.0
66200,0.166666666667
66201,0.164179104478
66202,0.0392156862745
66203,0.0630975143403
66204,0.0630975143403
66205,0.0630975143403
66206,0.0
66207,0.0630975143403
66208,0.0123456790123
66209,0.0
66210,0.0
66211,0.0630975143403
66212,0.0630975143403
66213,0.0630975143403
66214,0.122807017544
66215,0.0
66216,0.0123456790123
66217,0.0630975143403
66218,0.0
66219,0.0888888888889
66220,0.166666666667
66221,0.0630975143403
66222,0.0630975143403
66223,0.0630975143403
66224,0.0
66225,0.166666666667
66226,0.0123456790123
66227,0.0630975143403
66228,0.0630975143403
66229,0.230188679245
66230,0.0630975143403
66231,0.0
66232,0.166666666667
66233,0.0
66234,0.0630975143403
66235,0.0
66236,0.0888888888889
66237,0.0630975143403
66238,0.0123456790123
66239,0.0123456790123
66240,0.176029962547
66241,0.142857142857
66242,0.1
66243,0.0392156862745
66244,0.176029962547
66245,0.1
66246,0.0630975143403
66247,0.176029962547
66248,0.176029962547
66249,0.1
66250,0.0
66251,0.176029962547
66252,0.164179104478
66253,0.166666666667
66254,0.166666666667
66255,0.176029962547
66256,0.176029962547
66257,0.0630975143403
66258,0.0630975143403
66259,0.0
66260,0.0630975143403
66261,0.0
66262,0.176029962547
66263,0.0123456790123
66264,0.166666666667
66265,0.0630975143403
66266,0.0
66267,0.176029962547
66268,0.166666666667
66269,0.0630975143403
66270,0.0123456790123
66271,0.0123456790123
66272,0.0
66273,0.0630975143403
66274,0.166666666667
66275,0.166666666667
66276,0.0
66277,0.0
66278,0.176029962547
66279,0.0
66280,0.0
66281,0.166666666667
66282,0.0
66283,0.0
66284,0.0123456790123
66285,0.0392156862745
66286,0.0
66287,0.0630975143403
66288,0.0
66289,0.0630975143403
66290,0.0888888888889
66291,0.176029962547
66292,0.0
66293,0.0
66294,0.176029962547
66295,0.176029962547
66296,0.166666666667
66297,0.0630975143403
66298,0.0
66299,0.0630975143403
66300,0.0123456790123
66301,0.0630975143403
66302,0.0123456790123
66303,0.0
66304,0.0630975143403
66305,0.0630975143403
66306,0.0630975143403
66307,0.166666666667
66308,0.0123456790123
66309,0.176029962547
66310,0.166666666667
66311,0.0123456790123
66312,0.0123456790123
66313,0.0
66314,0.0123456790123
66315,0.0630975143403
66316,0.0
66317,0.0
66318,0.0630975143403
66319,0.0630975143403
66320,0.0888888888889
66321,0.0
66322,0.0
66323,0.176029962547
66324,0.0123456790123
66325,0.176029962547
66326,0.1
66327,0.166666666667
66328,0.0630975143403
66329,0.230188679245
66330,0.0
66331,0.0888888888889
66332,0.122807017544
66333,0.0
66334,0.166666666667
66335,0.176029962547
66336,0.0
66337,0.1
66338,0.230188679245
66339,0.0630975143403
66340,0.0
66341,0.0630975143403
66342,0.0888888888889
66343,0.0888888888889
66344,0.166666666667
66345,0.176029962547
66346,0.0
66347,0.0630975143403
66348,0.0
66349,0.0123456790123
66350,0.0392156862745
66351,0.176029962547
66352,0.0
66353,0.230188679245
66354,0.0630975143403
66355,0.0
66356,0.0123456790123
66357,0.0
66358,0.0630975143403
66359,1.0
66360,0.0
66361,0.164179104478
66362,0.0630975143403
66363,0.0
66364,0.176029962547
66365,0.1
66366,0.176029962547
66367,0.0
66368,0.230188679245
66369,0.0630975143403
66370,0.0630975143403
66371,0.176029962547
66372,0.0
66373,0.0123456790123
66374,0.0
66375,0.0
66376,0.176029962547
66377,0.0
66378,0.0
66379,0.176029962547
66380,0.0
66381,0.166666666667
66382,0.0630975143403
66383,0.1
66384,0.176029962547
66385,0.0123456790123
66386,0.0
66387,0.0
66388,0.0392156862745
66389,0.176029962547
66390,0.166666666667
66391,0.0
66392,0.166666666667
66393,0.0392156862745
66394,0.0
66395,0.0
66396,0.0630975143403
66397,0.0630975143403
66398,0.0
66399,0.0
66400,0.0630975143403
66401,0.0
66402,0.0
66403,0.0123456790123
66404,0.0630975143403
66405,0.122807017544
66406,0.0123456790123
66407,0.0
66408,0.0630975143403
66409,0.0630975143403
66410,0.1
66411,0.0630975143403
66412,0.0
66413,0.0
66414,0.166666666667
66415,0.0
66416,0.0630975143403
66417,0.1
66418,0.0
66419,0.0
66420,0.0630975143403
66421,0.1
66422,0.0630975143403
66423,0.0630975143403
66424,0.162162162162
66425,0.0123456790123
66426,0.0123456790123
66427,0.166666666667
66428,0.0630975143403
66429,0.0123456790123
66430,0.0630975143403
66431,0.0
66432,0.0630975143403
66433,0.0
66434,0.176029962547
66435,0.0123456790123
66436,0.0630975143403
66437,0.0392156862745
66438,0.0
66439,0.0
66440,0.122807017544
66441,0.1
66442,0.1
66443,0.164179104478
66444,0.1
66445,0.0630975143403
66446,0.0630975143403
66447,0.176029962547
66448,0.0630975143403
66449,0.230188679245
66450,0.0123456790123
66451,0.166666666667
66452,0.0
66453,0.0
66454,0.0123456790123
66455,0.0
66456,0.230188679245
66457,0.0123456790123
66458,0.176029962547
66459,0.0123456790123
66460,0.0123456790123
66461,0.0392156862745
66462,0.166666666667
66463,0.0630975143403
66464,0.0392156862745
66465,0.176029962547
66466,0.0
66467,0.176029962547
66468,0.162162162162
66469,0.0
66470,0.0
66471,0.0
66472,0.0630975143403
66473,0.0392156862745
66474,0.1
66475,0.230188679245
66476,0.176029962547
66477,0.166666666667
66478,0.0123456790123
66479,0.0
66480,0.0630975143403
66481,0.0
66482,0.1
66483,0.0630975143403
66484,0.0
66485,0.0630975143403
66486,0.0630975143403
66487,0.0888888888889
66488,0.0123456790123
66489,0.176029962547
66490,0.1
66491,0.0
66492,0.0888888888889
66493,0.0123456790123
66494,0.0
66495,0.0
66496,0.0630975143403
66497,0.0630975143403
66498,0.0888888888889
66499,0.162162162162
66500,0.176029962547
66501,0.0123456790123
66502,0.1
66503,0.0123456790123
66504,0.176029962547
66505,0.0
66506,0.176029962547
66507,0.0888888888889
66508,0.272058823529
66509,0.0392156862745
66510,0.0630975143403
66511,0.0630975143403
66512,0.0123456790123
66513,0.230188679245
66514,0.0888888888889
66515,0.0
66516,0.0909090909091
66517,0.0123456790123
66518,0.166666666667
66519,0.166666666667
66520,0.0
66521,0.0
66522,0.0630975143403
66523,0.0630975143403
66524,0.0630975143403
66525,0.0
66526,0.1
66527,0.230188679245
66528,0.0
66529,0.0
66530,0.176029962547
66531,0.0123456790123
66532,0.0
66533,0.230188679245
66534,0.0
66535,0.176029962547
66536,0.0123456790123
66537,0.0
66538,0.0
66539,0.0123456790123
66540,0.176029962547
66541,0.0630975143403
66542,0.0123456790123
66543,0.0392156862745
66544,0.0630975143403
66545,0.0
66546,0.0630975143403
66547,0.0
66548,0.0888888888889
66549,0.0
66550,0.0
66551,0.0630975143403
66552,0.0
66553,0.176029962547
66554,0.0
66555,0.0
66556,0.0
66557,0.0123456790123
66558,0.0888888888889
66559,0.0630975143403
66560,0.230188679245
66561,0.0392156862745
66562,0.176029962547
66563,0.166666666667
66564,0.0
66565,0.0
66566,0.0
66567,0.0
66568,0.0123456790123
66569,0.176029962547
66570,0.0123456790123
66571,0.0630975143403
66572,0.0
66573,0.0392156862745
66574,0.0
66575,0.122807017544
66576,0.1
66577,0.176029962547
66578,0.176029962547
66579,0.0630975143403
66580,0.0123456790123
66581,0.162162162162
66582,0.0630975143403
66583,0.176029962547
66584,0.0123456790123
66585,0.0888888888889
66586,0.176029962547
66587,0.5
66588,0.0
66589,0.0
66590,0.0
66591,0.0
66592,0.0630975143403
66593,0.0123456790123
66594,0.0123456790123
66595,0.164179104478
66596,0.0630975143403
66597,0.0123456790123
66598,0.164179104478
66599,0.0
66600,0.0630975143403
66601,0.0123456790123
66602,0.0123456790123
66603,0.0123456790123
66604,0.0
66605,0.0
66606,0.0630975143403
66607,0.0630975143403
66608,1.0
66609,0.176029962547
66610,0.166666666667
66611,0.0630975143403
66612,0.176029962547
66613,0.0888888888889
66614,0.0630975143403
66615,0.0630975143403
66616,0.0
66617,0.0123456790123
66618,0.0123456790123
66619,0.0123456790123
66620,0.0630975143403
66621,0.0
66622,0.0630975143403
66623,0.0123456790123
66624,0.0630975143403
66625,0.0
66626,0.0
66627,0.0123456790123
66628,0.0
66629,0.0392156862745
66630,0.0630975143403
66631,0.0630975143403
66632,0.176029962547
66633,0.0630975143403
66634,0.0
66635,0.0
66636,0.0630975143403
66637,0.0630975143403
66638,0.153846153846
66639,0.0909090909091
66640,0.0
66641,0.0630975143403
66642,0.0630975143403
66643,0.0630975143403
66644,0.0630975143403
66645,0.230188679245
66646,0.230188679245
66647,0.164179104478
66648,0.0123456790123
66649,0.0
66650,0.166666666667
66651,0.0
66652,0.0
66653,0.0
66654,0.0
66655,0.0
66656,0.0630975143403
66657,0.0
66658,0.0
66659,0.0392156862745
66660,0.0630975143403
66661,0.0630975143403
66662,0.0123456790123
66663,0.0
66664,0.0
66665,0.0630975143403
66666,0.0909090909091
66667,0.0
66668,0.0630975143403
66669,0.272058823529
66670,0.0
66671,0.0123456790123
66672,0.0630975143403
66673,0.0
66674,0.0630975143403
66675,0.0123456790123
66676,0.0630975143403
66677,0.0
66678,0.0909090909091
66679,0.176029962547
66680,0.0
66681,0.0630975143403
66682,0.0630975143403
66683,0.0630975143403
66684,0.0888888888889
66685,0.0123456790123
66686,0.0
66687,0.0
66688,0.166666666667
66689,0.0123456790123
66690,0.0630975143403
66691,0.122807017544
66692,0.0123456790123
66693,0.0123456790123
66694,0.166666666667
66695,0.0392156862745
66696,0.0123456790123
66697,0.0123456790123
66698,0.0630975143403
66699,0.0630975143403
66700,0.0888888888889
66701,0.4
66702,0.0123456790123
66703,0.176029962547
66704,0.0630975143403
66705,0.0123456790123
66706,0.164179104478
66707,0.0630975143403
66708,0.0
66709,0.0
66710,0.0
66711,0.0630975143403
66712,0.0630975143403
66713,0.0
66714,0.0123456790123
66715,0.0
66716,0.0630975143403
66717,0.0
66718,0.0123456790123
66719,0.0123456790123
66720,0.0
66721,0.164179104478
66722,0.0
66723,0.0
66724,0.0630975143403
66725,0.0
66726,0.0
66727,0.0
66728,0.0
66729,0.0392156862745
66730,0.164179104478
66731,0.0123456790123
66732,0.0630975143403
66733,0.0630975143403
66734,0.0
66735,0.166666666667
66736,0.0392156862745
66737,0.0
66738,0.166666666667
66739,0.0392156862745
66740,0.0123456790123
66741,0.0630975143403
66742,0.164179104478
66743,0.0123456790123
66744,0.0
66745,0.0630975143403
66746,0.176029962547
66747,0.0
66748,0.0630975143403
66749,0.0888888888889
66750,0.0
66751,0.0888888888889
66752,0.0123456790123
66753,0.164179104478
66754,0.0392156862745
66755,0.0123456790123
66756,0.0630975143403
66757,0.0888888888889
66758,0.0630975143403
66759,0.0
66760,0.0123456790123
66761,0.0
66762,0.0909090909091
66763,0.0
66764,0.0
66765,0.4
66766,0.0630975143403
66767,0.0630975143403
66768,0.0123456790123
66769,0.0630975143403
66770,0.0
66771,0.0
66772,0.0
66773,0.0
66774,0.176029962547
66775,0.0123456790123
66776,0.0630975143403
66777,0.0630975143403
66778,0.0123456790123
66779,0.0
66780,0.0123456790123
66781,0.0
66782,0.0123456790123
66783,0.0
66784,0.0
66785,0.0630975143403
66786,0.272058823529
66787,0.176029962547
66788,0.0
66789,0.5
66790,0.0
66791,0.0123456790123
66792,0.0630975143403
66793,0.0392156862745
66794,0.0
66795,0.0630975143403
66796,0.0
66797,0.230188679245
66798,0.0630975143403
66799,0.0
66800,0.166666666667
66801,0.0
66802,0.0630975143403
66803,0.166666666667
66804,0.176029962547
66805,0.176029962547
66806,0.0630975143403
66807,0.166666666667
66808,0.176029962547
66809,0.0630975143403
66810,0.176029962547
66811,0.0630975143403
66812,0.0
66813,0.176029962547
66814,0.0
66815,0.176029962547
66816,0.0630975143403
66817,0.176029962547
66818,0.0630975143403
66819,0.0630975143403
66820,0.0
66821,0.0
66822,0.0630975143403
66823,0.230188679245
66824,0.0123456790123
66825,0.0630975143403
66826,0.0123456790123
66827,0.0
66828,0.0
66829,0.0
66830,0.0
66831,0.0
66832,0.0
66833,0.176029962547
66834,0.230188679245
66835,0.0
66836,0.176029962547
66837,0.0
66838,0.0630975143403
66839,0.230188679245
66840,0.0
66841,0.142857142857
66842,0.176029962547
66843,0.176029962547
66844,0.0630975143403
66845,0.0630975143403
66846,0.176029962547
66847,0.0630975143403
66848,0.0630975143403
66849,0.176029962547
66850,0.1
66851,0.166666666667
66852,0.166666666667
66853,0.0630975143403
66854,0.176029962547
66855,0.166666666667
66856,0.0630975143403
66857,0.162162162162
66858,0.0630975143403
66859,0.0123456790123
66860,0.0123456790123
66861,0.0123456790123
66862,0.0
66863,0.176029962547
66864,0.0123456790123
66865,0.0
66866,0.0
66867,0.0
66868,0.0
66869,0.0
66870,0.0630975143403
66871,0.166666666667
66872,0.0
66873,0.166666666667
66874,0.1
66875,0.0630975143403
66876,0.1
66877,0.0630975143403
66878,0.0123456790123
66879,0.0630975143403
66880,0.0630975143403
66881,0.0630975143403
66882,0.0
66883,0.153846153846
66884,0.1
66885,0.0
66886,0.0
66887,0.0
66888,0.0123456790123
66889,0.0123456790123
66890,0.0888888888889
66891,0.0
66892,0.0123456790123
66893,0.0909090909091
66894,0.0630975143403
66895,0.0123456790123
66896,0.0
66897,0.0888888888889
66898,0.122807017544
66899,0.0630975143403
66900,0.0630975143403
66901,0.0
66902,0.1
66903,0.0630975143403
66904,0.230188679245
66905,0.176029962547
66906,0.0630975143403
66907,0.0
66908,0.164179104478
66909,0.1
66910,0.0
66911,0.0
66912,0.0
66913,0.0123456790123
66914,0.0
66915,0.0630975143403
66916,0.0630975143403
66917,0.0123456790123
66918,0.0
66919,0.0123456790123
66920,0.0
66921,0.0630975143403
66922,0.0
66923,0.230188679245
66924,0.176029962547
66925,0.176029962547
66926,0.0392156862745
66927,0.0630975143403
66928,0.0630975143403
66929,0.176029962547
66930,0.0
66931,0.176029962547
66932,0.176029962547
66933,0.0123456790123
66934,0.1
66935,0.0
66936,0.164179104478
66937,0.0123456790123
66938,0.166666666667
66939,0.166666666667
66940,0.1
66941,0.0
66942,0.0123456790123
66943,0.0123456790123
66944,0.0630975143403
66945,0.0
66946,0.0630975143403
66947,0.0
66948,0.0630975143403
66949,0.0630975143403
66950,0.0630975143403
66951,0.0123456790123
66952,0.0630975143403
66953,0.0
66954,0.0
66955,0.0
66956,0.0630975143403
66957,0.164179104478
66958,0.230188679245
66959,0.0
66960,0.0630975143403
66961,0.0630975143403
66962,0.166666666667
66963,0.0123456790123
66964,0.142857142857
66965,0.0630975143403
66966,0.0
66967,0.0630975143403
66968,0.0
66969,0.176029962547
66970,0.0
66971,0.0
66972,0.0
66973,0.0
66974,0.166666666667
66975,0.0392156862745
66976,0.122807017544
66977,0.1
66978,0.0
66979,0.122807017544
66980,0.0
66981,0.0630975143403
66982,0.0630975143403
66983,0.0630975143403
66984,0.176029962547
66985,0.0
66986,0.0
66987,0.166666666667
66988,0.0
66989,0.0630975143403
66990,0.176029962547
66991,0.0
66992,0.1
66993,0.176029962547
66994,0.0909090909091
66995,0.0123456790123
66996,0.0630975143403
66997,0.0888888888889
66998,0.230188679245
66999,0.0630975143403
67000,0.0
67001,0.0630975143403
67002,0.0
67003,0.0123456790123
67004,0.0630975143403
67005,0.176029962547
67006,0.142857142857
67007,0.0630975143403
67008,0.4
67009,0.0123456790123
67010,0.164179104478
67011,0.0630975143403
67012,0.0
67013,0.0123456790123
67014,0.153846153846
67015,0.0
67016,0.230188679245
67017,0.0630975143403
67018,0.0630975143403
67019,0.176029962547
67020,0.0909090909091
67021,0.0
67022,0.0
67023,0.0123456790123
67024,0.0
67025,0.0123456790123
67026,0.0
67027,0.0630975143403
67028,0.230188679245
67029,0.0
67030,0.0909090909091
67031,0.0
67032,0.0
67033,0.176029962547
67034,0.0
67035,0.176029962547
67036,0.176029962547
67037,0.0123456790123
67038,0.176029962547
67039,0.230188679245
67040,0.0
67041,0.0123456790123
67042,0.0630975143403
67043,0.5
67044,0.0123456790123
67045,0.5
67046,0.0
67047,0.176029962547
67048,0.176029962547
67049,0.0
67050,0.0392156862745
67051,0.164179104478
67052,0.0888888888889
67053,0.0
67054,0.1
67055,0.166666666667
67056,0.4
67057,0.230188679245
67058,0.1
67059,0.166666666667
67060,0.230188679245
67061,0.0630975143403
67062,0.0630975143403
67063,0.142857142857
67064,0.0123456790123
67065,0.0630975143403
67066,0.230188679245
67067,0.0888888888889
67068,0.0
67069,0.0123456790123
67070,0.0630975143403
67071,0.176029962547
67072,0.0123456790123
67073,0.0
67074,0.0
67075,0.0
67076,0.176029962547
67077,0.0630975143403
67078,0.0630975143403
67079,0.0
67080,0.0
67081,0.0123456790123
67082,0.176029962547
67083,0.162162162162
67084,0.0630975143403
67085,0.164179104478
67086,0.0
67087,0.230188679245
67088,0.0123456790123
67089,0.0123456790123
67090,0.0123456790123
67091,0.230188679245
67092,0.0888888888889
67093,0.230188679245
67094,0.0630975143403
67095,0.0
67096,0.176029962547
67097,0.0
67098,0.0630975143403
67099,0.176029962547
67100,0.0630975143403
67101,0.0888888888889
67102,0.0630975143403
67103,0.0630975143403
67104,0.0392156862745
67105,0.0123456790123
67106,0.0630975143403
67107,0.0
67108,1.0
67109,0.0630975143403
67110,0.0630975143403
67111,0.0
67112,0.0123456790123
67113,0.166666666667
67114,0.0
67115,0.0630975143403
67116,0.0630975143403
67117,0.0
67118,0.0
67119,0.0123456790123
67120,0.176029962547
67121,0.0392156862745
67122,0.0
67123,0.0
67124,0.0630975143403
67125,0.0123456790123
67126,0.0
67127,0.0123456790123
67128,0.122807017544
67129,0.0630975143403
67130,0.0
67131,0.0630975143403
67132,0.166666666667
67133,0.176029962547
67134,0.142857142857
67135,0.0630975143403
67136,0.0
67137,0.0
67138,0.0630975143403
67139,0.0
67140,0.0
67141,0.166666666667
67142,0.166666666667
67143,0.0123456790123
67144,0.0630975143403
67145,0.0630975143403
67146,0.0123456790123
67147,0.164179104478
67148,0.0
67149,0.0
67150,0.0630975143403
67151,0.0
67152,0.0630975143403
67153,0.0392156862745
67154,0.0
67155,0.162162162162
67156,0.0630975143403
67157,0.0
67158,0.0630975143403
67159,0.0123456790123
67160,0.0
67161,0.0630975143403
67162,0.230188679245
67163,0.0630975143403
67164,0.164179104478
67165,0.0
67166,0.0630975143403
67167,0.0630975143403
67168,0.0
67169,0.0888888888889
67170,0.0123456790123
67171,0.0630975143403
67172,0.166666666667
67173,0.0
67174,0.0
67175,0.166666666667
67176,0.0
67177,0.0123456790123
67178,0.0
67179,0.0
67180,0.0
67181,0.0888888888889
67182,0.0123456790123
67183,0.230188679245
67184,0.166666666667
67185,0.0888888888889
67186,0.0123456790123
67187,0.0630975143403
67188,0.0
67189,0.0
67190,0.0630975143403
67191,0.162162162162
67192,0.0888888888889
67193,0.176029962547
67194,0.0
67195,0.0630975143403
67196,0.176029962547
67197,0.0630975143403
67198,0.0
67199,0.0
67200,0.0123456790123
67201,0.0
67202,0.0
67203,0.0123456790123
67204,0.0630975143403
67205,0.0123456790123
67206,0.0392156862745
67207,0.0630975143403
67208,0.0123456790123
67209,0.0
67210,0.230188679245
67211,0.0630975143403
67212,0.0630975143403
67213,0.0
67214,0.0123456790123
67215,0.0630975143403
67216,0.230188679245
67217,0.0
67218,0.230188679245
67219,0.1
67220,0.0630975143403
67221,0.0630975143403
67222,0.0123456790123
67223,0.0630975143403
67224,0.0392156862745
67225,0.166666666667
67226,0.0
67227,0.0
67228,0.0123456790123
67229,0.0
67230,0.0
67231,0.0
67232,0.0630975143403
67233,0.0630975143403
67234,0.0123456790123
67235,0.0630975143403
67236,0.0630975143403
67237,0.0
67238,0.0630975143403
67239,0.0630975143403
67240,0.0
67241,0.0123456790123
67242,0.0630975143403
67243,0.0630975143403
67244,0.176029962547
67245,0.0
67246,0.0
67247,0.0123456790123
67248,0.122807017544
67249,0.0630975143403
67250,0.0630975143403
67251,0.0
67252,0.230188679245
67253,0.0888888888889
67254,0.1
67255,0.0630975143403
67256,0.0630975143403
67257,0.0
67258,0.0123456790123
67259,0.176029962547
67260,0.0123456790123
67261,0.0
67262,0.176029962547
67263,0.166666666667
67264,0.0123456790123
67265,0.176029962547
67266,0.0123456790123
67267,0.0630975143403
67268,0.0123456790123
67269,0.0630975143403
67270,0.0123456790123
67271,0.0888888888889
67272,0.164179104478
67273,0.166666666667
67274,0.0630975143403
67275,0.0392156862745
67276,0.0630975143403
67277,0.0
67278,0.176029962547
67279,0.176029962547
67280,0.0630975143403
67281,0.0630975143403
67282,0.0123456790123
67283,0.0630975143403
67284,0.0123456790123
67285,0.176029962547
67286,0.0
67287,0.176029962547
67288,0.0
67289,0.176029962547
67290,0.0
67291,0.0
67292,0.176029962547
67293,0.0630975143403
67294,0.1
67295,0.0
67296,0.0630975143403
67297,0.176029962547
67298,0.0630975143403
67299,0.5
67300,0.230188679245
67301,0.0392156862745
67302,0.0
67303,0.0888888888889
67304,0.1
67305,0.0123456790123
67306,0.176029962547
67307,0.0
67308,0.0
67309,0.164179104478
67310,0.176029962547
67311,0.0630975143403
67312,0.0630975143403
67313,0.176029962547
67314,0.176029962547
67315,0.0392156862745
67316,0.230188679245
67317,0.0
67318,0.0630975143403
67319,0.0392156862745
67320,0.176029962547
67321,0.0
67322,0.176029962547
67323,0.122807017544
67324,0.0123456790123
67325,0.0
67326,0.0
67327,0.0
67328,0.176029962547
67329,0.0123456790123
67330,0.230188679245
67331,0.0
67332,0.0
67333,0.0630975143403
67334,0.0630975143403
67335,0.0
67336,0.0
67337,0.0630975143403
67338,0.230188679245
67339,0.0630975143403
67340,0.0
67341,0.0
67342,0.0
67343,0.0888888888889
67344,0.176029962547
67345,0.166666666667
67346,0.0630975143403
67347,0.176029962547
67348,0.176029962547
67349,0.0
67350,0.166666666667
67351,0.0392156862745
67352,0.0123456790123
67353,0.0630975143403
67354,0.166666666667
67355,0.176029962547
67356,0.176029962547
67357,0.176029962547
67358,0.0630975143403
67359,0.0
67360,0.0
67361,0.176029962547
67362,0.0909090909091
67363,0.230188679245
67364,0.0630975143403
67365,0.0888888888889
67366,0.0630975143403
67367,0.0123456790123
67368,0.0
67369,0.0
67370,0.0630975143403
67371,0.0123456790123
67372,0.0
67373,0.0123456790123
67374,0.0123456790123
67375,0.166666666667
67376,0.1
67377,0.0630975143403
67378,0.0
67379,0.0
67380,0.1
67381,0.0
67382,0.0630975143403
67383,0.230188679245
67384,0.0
67385,0.0630975143403
67386,0.1
67387,0.0630975143403
67388,0.0630975143403
67389,0.1
67390,0.0
67391,0.142857142857
67392,0.0
67393,0.0
67394,0.0
67395,0.0123456790123
67396,0.0
67397,0.0123456790123
67398,0.0123456790123
67399,0.1
67400,0.0123456790123
67401,0.176029962547
67402,0.0
67403,0.230188679245
67404,0.0630975143403
67405,0.0123456790123
67406,0.0
67407,0.0392156862745
67408,0.176029962547
67409,0.0
67410,0.0123456790123
67411,0.0
67412,0.0123456790123
67413,0.0630975143403
67414,0.0123456790123
67415,0.0123456790123
67416,0.0
67417,0.176029962547
67418,0.176029962547
67419,0.0
67420,0.0
67421,0.0
67422,0.0123456790123
67423,0.0
67424,0.153846153846
67425,0.166666666667
67426,0.0123456790123
67427,0.176029962547
67428,0.1
67429,0.0630975143403
67430,0.1
67431,0.176029962547
67432,0.176029962547
67433,0.230188679245
67434,0.0
67435,0.0
67436,0.0630975143403
67437,0.0888888888889
67438,0.0
67439,0.176029962547
67440,0.0
67441,0.0630975143403
67442,0.0123456790123
67443,0.0
67444,0.0630975143403
67445,0.0
67446,0.0123456790123
67447,0.176029962547
67448,0.1
67449,0.0630975143403
67450,0.176029962547
67451,0.0123456790123
67452,0.0
67453,0.0123456790123
67454,0.0123456790123
67455,0.0123456790123
67456,0.0630975143403
67457,0.0123456790123
67458,0.0
67459,0.176029962547
67460,0.0
67461,0.0630975143403
67462,0.0123456790123
67463,0.0123456790123
67464,0.176029962547
67465,0.0123456790123
67466,0.153846153846
67467,0.1
67468,0.0
67469,0.176029962547
67470,0.0
67471,0.0630975143403
67472,0.0
67473,0.0
67474,0.272058823529
67475,0.0
67476,0.0
67477,0.0
67478,0.230188679245
67479,0.0888888888889
67480,0.176029962547
67481,0.0630975143403
67482,0.0
67483,0.1
67484,0.0
67485,0.0123456790123
67486,0.0123456790123
67487,0.1
67488,0.1
67489,0.0
67490,0.0630975143403
67491,0.0
67492,0.0630975143403
67493,0.0
67494,0.0630975143403
67495,0.0630975143403
67496,0.0123456790123
67497,0.176029962547
67498,0.0
67499,0.0630975143403
67500,0.176029962547
67501,0.0
67502,0.0123456790123
67503,0.176029962547
67504,0.0
67505,0.166666666667
67506,0.0630975143403
67507,0.0123456790123
67508,0.1
67509,0.166666666667
67510,0.0630975143403
67511,0.0
67512,0.4
67513,0.0392156862745
67514,0.0
67515,0.0630975143403
67516,0.0
67517,0.0
67518,0.0123456790123
67519,0.0630975143403
67520,0.0
67521,0.0
67522,0.0
67523,0.1
67524,0.0123456790123
67525,0.1
67526,0.0123456790123
67527,0.1
67528,0.0
67529,0.0630975143403
67530,0.0630975143403
67531,0.1
67532,0.0630975143403
67533,0.230188679245
67534,0.142857142857
67535,0.0630975143403
67536,0.0630975143403
67537,0.0630975143403
67538,0.0
67539,0.0630975143403
67540,0.176029962547
67541,0.0630975143403
67542,0.0
67543,0.0123456790123
67544,0.122807017544
67545,0.0630975143403
67546,0.0
67547,0.0630975143403
67548,0.0
67549,0.0123456790123
67550,0.0630975143403
67551,0.0630975143403
67552,0.0630975143403
67553,0.0123456790123
67554,0.0630975143403
67555,0.0
67556,1.0
67557,0.0
67558,0.0630975143403
67559,0.0
67560,0.0630975143403
67561,0.0
67562,1.0
67563,0.0630975143403
67564,0.0630975143403
67565,0.166666666667
67566,0.0
67567,0.0123456790123
67568,0.164179104478
67569,0.0123456790123
67570,0.0630975143403
67571,0.0630975143403
67572,0.0
67573,0.0630975143403
67574,0.0123456790123
67575,0.153846153846
67576,0.0
67577,0.0630975143403
67578,0.0123456790123
67579,0.0630975143403
67580,0.176029962547
67581,0.0123456790123
67582,0.166666666667
67583,0.0
67584,0.166666666667
67585,0.0630975143403
67586,0.0123456790123
67587,0.0
67588,0.0
67589,0.1
67590,0.0
67591,0.176029962547
67592,0.0630975143403
67593,0.0
67594,0.176029962547
67595,0.0630975143403
67596,0.176029962547
67597,0.0
67598,0.0
67599,0.0
67600,0.176029962547
67601,0.0
67602,0.0
67603,0.0909090909091
67604,0.0
67605,0.153846153846
67606,0.0630975143403
67607,0.0123456790123
67608,0.0
67609,0.0123456790123
67610,0.1
67611,0.0123456790123
67612,0.176029962547
67613,0.0
67614,0.0
67615,0.164179104478
67616,0.176029962547
67617,0.0392156862745
67618,0.0630975143403
67619,0.0630975143403
67620,0.0392156862745
67621,0.176029962547
67622,0.0123456790123
67623,0.0630975143403
67624,0.0630975143403
67625,0.0
67626,0.0
67627,0.176029962547
67628,0.0
67629,0.1
67630,0.0
67631,0.0123456790123
67632,0.166666666667
67633,0.0630975143403
67634,0.0630975143403
67635,0.0
67636,0.176029962547
67637,0.0630975143403
67638,0.0630975143403
67639,0.0630975143403
67640,0.0
67641,0.0
67642,0.0
67643,0.176029962547
67644,0.0
67645,0.0123456790123
67646,0.176029962547
67647,0.0
67648,0.0630975143403
67649,0.0630975143403
67650,0.0888888888889
67651,0.0
67652,0.0
67653,0.164179104478
67654,0.0630975143403
67655,0.0
67656,0.0630975143403
67657,0.0
67658,0.176029962547
67659,0.0
67660,0.0
67661,0.0630975143403
67662,0.0123456790123
67663,0.176029962547
67664,0.0
67665,0.0123456790123
67666,0.0123456790123
67667,0.0630975143403
67668,0.0630975143403
67669,0.272058823529
67670,0.0888888888889
67671,0.0630975143403
67672,0.0909090909091
67673,0.0630975143403
67674,0.0
67675,0.176029962547
67676,0.176029962547
67677,0.0123456790123
67678,0.0
67679,0.0392156862745
67680,0.0123456790123
67681,0.0
67682,0.0
67683,0.176029962547
67684,0.142857142857
67685,0.0123456790123
67686,0.0
67687,0.0630975143403
67688,0.0
67689,0.0630975143403
67690,0.0123456790123
67691,0.0
67692,0.0
67693,0.0123456790123
67694,0.0630975143403
67695,0.0
67696,0.0630975143403
67697,0.176029962547
67698,0.0
67699,0.0
67700,0.0630975143403
67701,0.0630975143403
67702,0.0
67703,0.176029962547
67704,0.166666666667
67705,0.0123456790123
67706,0.0392156862745
67707,0.166666666667
67708,0.0
67709,0.0
67710,0.0909090909091
67711,0.0630975143403
67712,0.5
67713,0.5
67714,0.0630975143403
67715,0.166666666667
67716,0.176029962547
67717,0.0630975143403
67718,0.0630975143403
67719,0.5
67720,0.0
67721,0.0
67722,0.166666666667
67723,0.0
67724,0.176029962547
67725,0.0123456790123
67726,0.0
67727,0.0
67728,0.0
67729,0.0123456790123
67730,0.166666666667
67731,0.176029962547
67732,0.0630975143403
67733,0.0123456790123
67734,0.0123456790123
67735,0.0
67736,0.176029962547
67737,0.166666666667
67738,0.0
67739,0.0630975143403
67740,0.0123456790123
67741,0.0
67742,0.0888888888889
67743,0.176029962547
67744,0.0123456790123
67745,0.0392156862745
67746,0.0
67747,0.0
67748,0.0
67749,0.0392156862745
67750,0.0630975143403
67751,0.0
67752,0.0123456790123
67753,0.0
67754,0.176029962547
67755,0.0
67756,0.0
67757,0.0123456790123
67758,0.0630975143403
67759,0.0630975143403
67760,0.0630975143403
67761,0.0630975143403
67762,0.0630975143403
67763,0.176029962547
67764,0.0630975143403
67765,0.0
67766,0.0
67767,0.0630975143403
67768,0.0630975143403
67769,0.0
67770,0.0630975143403
67771,0.0630975143403
67772,0.0630975143403
67773,0.0630975143403
67774,0.0630975143403
67775,0.1
67776,0.0630975143403
67777,0.0630975143403
67778,0.4
67779,0.0392156862745
67780,0.0630975143403
67781,0.0123456790123
67782,0.122807017544
67783,0.0123456790123
67784,0.0123456790123
67785,0.0630975143403
67786,0.0888888888889
67787,0.0123456790123
67788,0.166666666667
67789,0.0123456790123
67790,0.0630975143403
67791,0.0630975143403
67792,1.0
67793,0.0630975143403
67794,0.230188679245
67795,0.0630975143403
67796,0.0
67797,0.0
67798,0.0630975143403
67799,0.5
67800,0.0123456790123
67801,0.0123456790123
67802,0.0123456790123
67803,0.0630975143403
67804,0.0392156862745
67805,0.0123456790123
67806,0.0630975143403
67807,0.0
67808,0.0630975143403
67809,0.0
67810,0.0
67811,0.0123456790123
67812,0.0888888888889
67813,0.0630975143403
67814,0.0
67815,0.0630975143403
67816,0.0888888888889
67817,0.0630975143403
67818,0.0888888888889
67819,0.0630975143403
67820,0.230188679245
67821,0.142857142857
67822,0.0123456790123
67823,0.0
67824,0.0
67825,0.0
67826,0.272058823529
67827,0.0123456790123
67828,0.0123456790123
67829,0.0630975143403
67830,0.0
67831,0.0
67832,0.0
67833,0.0
67834,0.0
67835,0.0
67836,0.0
67837,0.142857142857
67838,0.176029962547
67839,0.0123456790123
67840,0.0
67841,0.0630975143403
67842,0.0
67843,0.0630975143403
67844,0.0630975143403
67845,0.164179104478
67846,0.176029962547
67847,0.0123456790123
67848,0.0888888888889
67849,0.0630975143403
67850,0.0
67851,0.176029962547
67852,0.164179104478
67853,0.0
67854,0.0
67855,0.272058823529
67856,0.0630975143403
67857,0.272058823529
67858,0.0
67859,0.0
67860,0.0123456790123
67861,0.0630975143403
67862,0.4
67863,0.4
67864,0.0
67865,0.0
67866,0.166666666667
67867,0.0123456790123
67868,0.0123456790123
67869,0.0
67870,0.0630975143403
67871,0.0909090909091
67872,0.0
67873,0.0630975143403
67874,0.0123456790123
67875,0.0630975143403
67876,0.0630975143403
67877,0.0630975143403
67878,0.0630975143403
67879,0.0
67880,0.0888888888889
67881,0.0123456790123
67882,0.0392156862745
67883,0.0630975143403
67884,0.230188679245
67885,0.0
67886,0.0123456790123
67887,0.0630975143403
67888,0.0
67889,0.0630975143403
67890,0.0
67891,0.0
67892,0.176029962547
67893,0.230188679245
67894,0.0
67895,0.0630975143403
67896,0.0
67897,0.0
67898,0.230188679245
67899,0.0630975143403
67900,0.176029962547
67901,0.0630975143403
67902,0.0
67903,0.0
67904,0.0123456790123
67905,0.0630975143403
67906,0.230188679245
67907,0.0909090909091
67908,0.0630975143403
67909,0.0
67910,0.0630975143403
67911,0.0
67912,0.0
67913,0.0
67914,0.0630975143403
67915,0.0123456790123
67916,0.4
67917,0.0630975143403
67918,0.230188679245
67919,0.0888888888889
67920,0.0123456790123
67921,0.0
67922,0.0123456790123
67923,0.0
67924,0.230188679245
67925,0.0
67926,0.0630975143403
67927,0.0
67928,0.0909090909091
67929,0.0630975143403
67930,0.0123456790123
67931,0.176029962547
67932,0.0630975143403
67933,0.0630975143403
67934,0.0123456790123
67935,0.0
67936,0.0
67937,0.230188679245
67938,0.0630975143403
67939,0.0630975143403
67940,0.230188679245
67941,0.0630975143403
67942,0.0630975143403
67943,0.142857142857
67944,0.0123456790123
67945,0.230188679245
67946,0.0630975143403
67947,0.0
67948,0.176029962547
67949,0.0
67950,0.164179104478
67951,0.0630975143403
67952,0.0
67953,0.0
67954,0.0
67955,0.0630975143403
67956,0.0630975143403
67957,0.0888888888889
67958,0.0
67959,0.0630975143403
67960,0.0888888888889
67961,0.0630975143403
67962,0.0123456790123
67963,0.0630975143403
67964,0.0
67965,0.0
67966,0.0
67967,0.0123456790123
67968,0.0909090909091
67969,0.0123456790123
67970,0.166666666667
67971,0.428571428571
67972,0.272058823529
67973,0.0123456790123
67974,0.0123456790123
67975,0.0630975143403
67976,0.0
67977,0.0123456790123
67978,0.0
67979,0.0123456790123
67980,0.0630975143403
67981,0.0
67982,0.0630975143403
67983,0.0888888888889
67984,0.0392156862745
67985,0.0630975143403
67986,0.0
67987,0.0
67988,0.0
67989,0.0630975143403
67990,0.0630975143403
67991,0.0
67992,0.0123456790123
67993,0.0
67994,0.0
67995,0.0123456790123
67996,0.0630975143403
67997,0.0630975143403
67998,0.0630975143403
67999,0.0630975143403
68000,0.0123456790123
68001,0.0630975143403
68002,0.166666666667
68003,0.230188679245
68004,0.0630975143403
68005,0.230188679245
68006,0.122807017544
68007,0.176029962547
68008,0.0630975143403
68009,0.0
68010,0.0
68011,1.0
68012,0.153846153846
68013,0.0
68014,0.0630975143403
68015,0.176029962547
68016,0.5
68017,0.0
68018,0.0
68019,0.0630975143403
68020,0.0
68021,0.176029962547
68022,0.0630975143403
68023,0.0630975143403
68024,0.176029962547
68025,0.0
68026,0.176029962547
68027,0.0123456790123
68028,0.0630975143403
68029,0.0630975143403
68030,0.176029962547
68031,0.0123456790123
68032,0.0123456790123
68033,0.0630975143403
68034,0.0630975143403
68035,0.176029962547
68036,0.0
68037,0.164179104478
68038,0.176029962547
68039,0.0630975143403
68040,0.0123456790123
68041,0.0
68042,0.0
68043,0.0123456790123
68044,0.0630975143403
68045,0.0630975143403
68046,0.5
68047,0.0
68048,0.0
68049,0.1
68050,0.176029962547
68051,0.0
68052,0.0630975143403
68053,0.0630975143403
68054,0.176029962547
68055,0.0
68056,0.0
68057,0.0
68058,0.0123456790123
68059,0.0
68060,0.0
68061,0.0
68062,0.0888888888889
68063,0.0
68064,0.166666666667
68065,0.0
68066,0.0
68067,0.0630975143403
68068,0.0
68069,0.0123456790123
68070,0.0392156862745
68071,0.176029962547
68072,0.0123456790123
68073,0.0
68074,0.0
68075,0.0123456790123
68076,0.0
68077,0.0630975143403
68078,0.176029962547
68079,0.0
68080,0.176029962547
68081,0.166666666667
68082,0.0888888888889
68083,0.0
68084,0.176029962547
68085,0.0630975143403
68086,0.166666666667
68087,0.0630975143403
68088,0.0
68089,0.166666666667
68090,0.0
68091,0.176029962547
68092,0.0630975143403
68093,0.0630975143403
68094,0.0
68095,0.0630975143403
68096,0.0123456790123
68097,0.0630975143403
68098,0.230188679245
68099,0.176029962547
68100,0.0630975143403
68101,0.0
68102,0.0630975143403
68103,0.0
68104,0.176029962547
68105,0.166666666667
68106,0.0630975143403
68107,0.0630975143403
68108,0.0
68109,0.176029962547
68110,0.0123456790123
68111,0.0123456790123
68112,0.0123456790123
68113,0.0630975143403
68114,0.0123456790123
68115,0.0
68116,0.0630975143403
68117,0.176029962547
68118,0.1
68119,0.1
68120,0.0
68121,0.0123456790123
68122,0.0630975143403
68123,0.176029962547
68124,0.176029962547
68125,0.176029962547
68126,0.0630975143403
68127,0.0630975143403
68128,0.0630975143403
68129,0.0630975143403
68130,0.0123456790123
68131,0.0392156862745
68132,0.0123456790123
68133,0.0
68134,0.0630975143403
68135,0.0
68136,0.0630975143403
68137,0.176029962547
68138,0.1
68139,0.0
68140,0.0123456790123
68141,0.0123456790123
68142,0.176029962547
68143,0.1
68144,0.230188679245
68145,0.176029962547
68146,0.176029962547
68147,0.0630975143403
68148,0.176029962547
68149,0.0630975143403
68150,0.0
68151,0.176029962547
68152,0.0
68153,0.176029962547
68154,0.0
68155,0.0392156862745
68156,0.0
68157,0.1
68158,0.0630975143403
68159,0.0630975143403
68160,0.0630975143403
68161,0.0123456790123
68162,0.1
68163,0.230188679245
68164,0.230188679245
68165,0.0123456790123
68166,0.176029962547
68167,0.0
68168,0.176029962547
68169,0.0
68170,0.0
68171,0.153846153846
68172,0.176029962547
68173,0.0888888888889
68174,0.122807017544
68175,0.0123456790123
68176,0.0
68177,0.176029962547
68178,0.0
68179,0.0630975143403
68180,0.0
68181,0.0
68182,0.0
68183,0.166666666667
68184,0.0630975143403
68185,0.176029962547
68186,0.0123456790123
68187,0.0
68188,0.176029962547
68189,0.176029962547
68190,0.153846153846
68191,0.0392156862745
68192,0.0
68193,0.0123456790123
68194,0.0
68195,0.0630975143403
68196,0.0
68197,0.166666666667
68198,0.0
68199,0.0123456790123
68200,0.0630975143403
68201,0.176029962547
68202,0.0630975143403
68203,0.0630975143403
68204,0.0
68205,0.0123456790123
68206,0.0
68207,0.0
68208,0.1
68209,0.0
68210,0.0630975143403
68211,0.0
68212,0.1
68213,0.0123456790123
68214,0.0
68215,0.0630975143403
68216,0.0123456790123
68217,0.0
68218,0.0630975143403
68219,0.0123456790123
68220,0.0123456790123
68221,0.176029962547
68222,0.0630975143403
68223,0.0
68224,0.230188679245
68225,0.0630975143403
68226,0.1
68227,0.166666666667
68228,0.0123456790123
68229,0.0
68230,0.0630975143403
68231,0.0
68232,0.176029962547
68233,0.0909090909091
68234,0.0630975143403
68235,0.0
68236,0.0123456790123
68237,0.0
68238,0.0
68239,0.0
68240,0.0
68241,0.1
68242,0.0
68243,0.0630975143403
68244,0.0123456790123
68245,0.0
68246,0.0630975143403
68247,0.0630975143403
68248,0.176029962547
68249,0.176029962547
68250,0.176029962547
68251,0.0123456790123
68252,0.0123456790123
68253,0.166666666667
68254,0.0630975143403
68255,0.0909090909091
68256,0.0
68257,0.0123456790123
68258,0.176029962547
68259,0.166666666667
68260,0.0
68261,0.0630975143403
68262,0.1
68263,0.0123456790123
68264,0.0123456790123
68265,0.0123456790123
68266,0.0
68267,0.0123456790123
68268,0.0
68269,0.0
68270,0.0123456790123
68271,0.0
68272,0.0
68273,0.0
68274,0.0630975143403
68275,0.230188679245
68276,0.0
68277,0.176029962547
68278,0.0
68279,0.176029962547
68280,0.0392156862745
68281,0.176029962547
68282,0.164179104478
68283,0.0630975143403
68284,0.0
68285,0.0123456790123
68286,0.176029962547
68287,0.0630975143403
68288,0.0
68289,0.176029962547
68290,0.176029962547
68291,0.176029962547
68292,0.0392156862745
68293,0.0
68294,0.0630975143403
68295,0.0
68296,0.1
68297,0.176029962547
68298,0.0630975143403
68299,0.0630975143403
68300,0.0630975143403
68301,0.0
68302,0.176029962547
68303,0.0
68304,0.142857142857
68305,0.0
68306,0.0630975143403
68307,0.0
68308,0.0888888888889
68309,0.0
68310,0.0
68311,0.0630975143403
68312,0.0123456790123
68313,0.176029962547
68314,0.0630975143403
68315,0.176029962547
68316,0.0123456790123
68317,1.0
68318,0.0123456790123
68319,0.176029962547
68320,0.0
68321,0.1
68322,0.122807017544
68323,0.176029962547
68324,0.0630975143403
68325,0.176029962547
68326,0.0123456790123
68327,0.0
68328,0.0630975143403
68329,0.0
68330,0.0
68331,0.0123456790123
68332,0.166666666667
68333,0.166666666667
68334,0.0
68335,0.153846153846
68336,0.0
68337,0.0630975143403
68338,0.428571428571
68339,0.230188679245
68340,0.0630975143403
68341,0.176029962547
68342,0.0123456790123
68343,0.0123456790123
68344,0.0
68345,0.0
68346,0.0123456790123
68347,0.0
68348,0.0123456790123
68349,0.176029962547
68350,0.0
68351,0.0
68352,0.176029962547
68353,0.0
68354,0.0630975143403
68355,0.0123456790123
68356,0.0
68357,0.0123456790123
68358,0.0123456790123
68359,0.0123456790123
68360,0.0
68361,0.176029962547
68362,0.0888888888889
68363,1.0
68364,0.0123456790123
68365,0.0123456790123
68366,0.0
68367,0.0630975143403
68368,0.0630975143403
68369,0.0
68370,0.0123456790123
68371,0.230188679245
68372,0.0
68373,0.0630975143403
68374,0.0630975143403
68375,0.0123456790123
68376,0.0123456790123
68377,0.0123456790123
68378,0.0123456790123
68379,0.0630975143403
68380,0.0
68381,0.166666666667
68382,0.0123456790123
68383,0.166666666667
68384,0.0
68385,0.0123456790123
68386,0.0123456790123
68387,0.0630975143403
68388,0.0630975143403
68389,0.166666666667
68390,0.0
68391,0.0
68392,0.0630975143403
68393,0.4
68394,0.0123456790123
68395,0.181818181818
68396,0.0630975143403
68397,0.0630975143403
68398,0.0
68399,0.0630975143403
68400,0.1
68401,0.0630975143403
68402,0.0
68403,0.0630975143403
68404,0.0630975143403
68405,0.176029962547
68406,0.176029962547
68407,0.230188679245
68408,0.0630975143403
68409,0.0123456790123
68410,0.0630975143403
68411,0.0630975143403
68412,0.0
68413,0.0
68414,0.0630975143403
68415,0.0630975143403
68416,0.0
68417,0.0
68418,0.0630975143403
68419,0.0630975143403
68420,0.176029962547
68421,0.0123456790123
68422,0.1
68423,0.0630975143403
68424,0.0630975143403
68425,0.176029962547
68426,0.0
68427,0.0888888888889
68428,0.0123456790123
68429,0.0630975143403
68430,0.0
68431,0.0
68432,0.0123456790123
68433,0.0630975143403
68434,0.0
68435,0.0
68436,0.0888888888889
68437,0.0123456790123
68438,0.0
68439,0.0630975143403
68440,0.0630975143403
68441,0.0
68442,0.0
68443,0.0
68444,0.0630975143403
68445,0.0630975143403
68446,0.0123456790123
68447,0.0630975143403
68448,0.0630975143403
68449,0.176029962547
68450,0.176029962547
68451,0.0630975143403
68452,0.0630975143403
68453,0.0
68454,0.0630975143403
68455,0.0123456790123
68456,0.176029962547
68457,0.0
68458,0.0
68459,0.176029962547
68460,0.230188679245
68461,0.0123456790123
68462,0.0
68463,0.0
68464,0.176029962547
68465,0.5
68466,1.0
68467,0.0
68468,0.176029962547
68469,0.176029962547
68470,0.0
68471,0.0888888888889
68472,0.176029962547
68473,0.176029962547
68474,0.0630975143403
68475,0.176029962547
68476,0.272058823529
68477,0.0
68478,0.0630975143403
68479,1.0
68480,0.0630975143403
68481,0.0
68482,0.0
68483,0.0123456790123
68484,0.153846153846
68485,0.0
68486,0.0
68487,0.0630975143403
68488,0.176029962547
68489,0.176029962547
68490,0.0909090909091
68491,0.0630975143403
68492,0.0630975143403
68493,0.0
68494,0.0
68495,0.230188679245
68496,0.0
68497,0.122807017544
68498,0.0630975143403
68499,0.0
68500,0.176029962547
68501,0.0
68502,0.122807017544
68503,0.0123456790123
68504,0.164179104478
68505,0.0
68506,0.0888888888889
68507,0.176029962547
68508,0.0
68509,0.176029962547
68510,0.0630975143403
68511,0.0630975143403
68512,0.0
68513,0.153846153846
68514,0.0123456790123
68515,0.0123456790123
68516,0.166666666667
68517,0.0
68518,0.0123456790123
68519,0.0630975143403
68520,0.153846153846
68521,0.0630975143403
68522,0.0630975143403
68523,0.176029962547
68524,0.153846153846
68525,0.0
68526,0.0
68527,0.0123456790123
68528,0.0
68529,0.0630975143403
68530,0.0
68531,0.164179104478
68532,0.0
68533,0.0888888888889
68534,0.0123456790123
68535,0.0630975143403
68536,0.0630975143403
68537,0.0123456790123
68538,0.0123456790123
68539,0.0
68540,0.0630975143403
68541,0.0630975143403
68542,0.0
68543,0.0123456790123
68544,0.0
68545,0.0123456790123
68546,0.0
68547,0.0123456790123
68548,0.0630975143403
68549,0.153846153846
68550,0.0
68551,0.0
68552,0.176029962547
68553,0.0
68554,0.0
68555,0.0630975143403
68556,0.1
68557,0.0123456790123
68558,0.0
68559,0.230188679245
68560,0.0123456790123
68561,0.1
68562,0.0123456790123
68563,0.0
68564,0.0630975143403
68565,0.0
68566,0.0123456790123
68567,0.0
68568,0.0123456790123
68569,0.0630975143403
68570,0.142857142857
68571,0.176029962547
68572,0.0630975143403
68573,0.0
68574,0.0
68575,0.0630975143403
68576,0.0
68577,0.0630975143403
68578,0.122807017544
68579,0.0
68580,1.0
68581,0.0123456790123
68582,0.122807017544
68583,0.0630975143403
68584,0.0
68585,0.0123456790123
68586,0.0
68587,0.0630975143403
68588,0.0630975143403
68589,0.0
68590,0.0630975143403
68591,0.0392156862745
68592,0.0
68593,0.0
68594,0.0630975143403
68595,0.166666666667
68596,0.0909090909091
68597,0.1
68598,0.0
68599,0.0
68600,0.162162162162
68601,0.0630975143403
68602,0.0392156862745
68603,0.0
68604,0.0630975143403
68605,0.1
68606,0.0630975143403
68607,0.142857142857
68608,0.0392156862745
68609,0.0630975143403
68610,0.0630975143403
68611,0.0123456790123
68612,0.0
68613,0.0123456790123
68614,0.0
68615,0.0123456790123
68616,0.0630975143403
68617,0.0
68618,0.0888888888889
68619,0.0
68620,0.0
68621,0.0630975143403
68622,0.0123456790123
68623,0.176029962547
68624,0.0630975143403
68625,0.0
68626,0.0
68627,0.0123456790123
68628,0.0
68629,0.166666666667
68630,0.0123456790123
68631,0.0
68632,0.0123456790123
68633,0.0123456790123
68634,0.0
68635,0.0630975143403
68636,0.0
68637,0.0630975143403
68638,0.0630975143403
68639,0.0630975143403
68640,0.0123456790123
68641,0.0
68642,0.0
68643,0.0630975143403
68644,0.0
68645,0.0
68646,0.0
68647,0.0888888888889
68648,0.0630975143403
68649,0.0
68650,0.0630975143403
68651,0.0630975143403
68652,0.0630975143403
68653,0.0123456790123
68654,0.0
68655,0.0
68656,0.0123456790123
68657,0.0630975143403
68658,0.0630975143403
68659,0.0630975143403
68660,0.230188679245
68661,0.166666666667
68662,0.0
68663,0.0630975143403
68664,0.0630975143403
68665,0.0
68666,0.0630975143403
68667,0.0630975143403
68668,0.0
68669,0.0
68670,0.0630975143403
68671,0.164179104478
68672,0.0630975143403
68673,0.0630975143403
68674,0.0630975143403
68675,0.166666666667
68676,0.0630975143403
68677,0.0
68678,0.0
68679,0.0
68680,0.5
68681,0.0630975143403
68682,0.176029962547
68683,0.0
68684,0.0630975143403
68685,0.0
68686,0.0392156862745
68687,0.0
68688,0.0630975143403
68689,0.0392156862745
68690,0.0630975143403
68691,0.0630975143403
68692,0.0888888888889
68693,0.166666666667
68694,0.4
68695,0.0
68696,0.0
68697,0.0
68698,0.0123456790123
68699,0.0123456790123
68700,0.0123456790123
68701,0.0630975143403
68702,0.0630975143403
68703,0.0909090909091
68704,0.0
68705,0.0
68706,0.0123456790123
68707,0.0123456790123
68708,0.0392156862745
68709,0.0123456790123
68710,0.0630975143403
68711,0.0630975143403
68712,0.0
68713,0.0630975143403
68714,0.176029962547
68715,1.0
68716,0.0630975143403
68717,0.0630975143403
68718,0.0123456790123
68719,0.0123456790123
68720,0.0
68721,0.0
68722,0.0630975143403
68723,0.0630975143403
68724,0.0
68725,0.0630975143403
68726,0.0123456790123
68727,0.0123456790123
68728,0.0630975143403
68729,0.0123456790123
68730,0.0630975143403
68731,0.0123456790123
68732,0.164179104478
68733,0.0123456790123
68734,0.0630975143403
68735,0.0123456790123
68736,0.0630975143403
68737,0.166666666667
68738,0.0
68739,0.0
68740,0.0
68741,0.166666666667
68742,0.0630975143403
68743,0.0
68744,0.0
68745,0.0123456790123
68746,0.0392156862745
68747,0.0630975143403
68748,0.0
68749,0.0
68750,0.0
68751,0.1
68752,0.230188679245
68753,0.0630975143403
68754,0.1
68755,0.0123456790123
68756,0.0
68757,0.0123456790123
68758,0.181818181818
68759,0.0
68760,0.0630975143403
68761,0.0123456790123
68762,0.0630975143403
68763,0.176029962547
68764,0.0123456790123
68765,0.176029962547
68766,0.0
68767,0.0630975143403
68768,0.0630975143403
68769,0.0
68770,0.0
68771,0.1
68772,0.0630975143403
68773,0.0630975143403
68774,0.0123456790123
68775,0.0630975143403
68776,0.1
68777,0.0
68778,0.0
68779,0.176029962547
68780,0.0630975143403
68781,0.0123456790123
68782,0.230188679245
68783,0.0123456790123
68784,0.0630975143403
68785,0.1
68786,0.0630975143403
68787,0.0
68788,0.122807017544
68789,0.176029962547
68790,0.0630975143403
68791,0.162162162162
68792,0.0
68793,0.0630975143403
68794,0.0
68795,0.176029962547
68796,0.0
68797,0.0
68798,0.0123456790123
68799,0.0
68800,0.0
68801,0.0630975143403
68802,0.0
68803,0.0
68804,0.0
68805,0.0
68806,0.0
68807,0.0
68808,0.0
68809,0.176029962547
68810,1.0
68811,0.272058823529
68812,0.0123456790123
68813,0.0630975143403
68814,0.0
68815,0.0
68816,0.176029962547
68817,0.0
68818,0.166666666667
68819,0.0630975143403
68820,0.0
68821,0.0
68822,0.1
68823,0.0
68824,0.0
68825,0.0630975143403
68826,0.0
68827,0.0
68828,0.176029962547
68829,0.176029962547
68830,0.176029962547
68831,0.0
68832,0.0123456790123
68833,0.1
68834,0.176029962547
68835,0.176029962547
68836,0.0630975143403
68837,0.0630975143403
68838,0.0123456790123
68839,0.176029962547
68840,0.0123456790123
68841,0.0
68842,0.0
68843,0.0
68844,0.166666666667
68845,0.0
68846,0.176029962547
68847,0.176029962547
68848,0.166666666667
68849,0.0
68850,0.0630975143403
68851,0.0123456790123
68852,0.0
68853,0.0
68854,0.166666666667
68855,0.0
68856,0.0630975143403
68857,0.176029962547
68858,0.0630975143403
68859,0.0392156862745
68860,0.0
68861,0.0
68862,0.166666666667
68863,0.0123456790123
68864,0.0
68865,0.0
68866,0.176029962547
68867,0.162162162162
68868,0.0888888888889
68869,0.0630975143403
68870,0.0123456790123
68871,0.176029962547
68872,0.0392156862745
68873,0.0
68874,0.0630975143403
68875,0.176029962547
68876,0.176029962547
68877,0.0630975143403
68878,0.0630975143403
68879,0.0
68880,0.0630975143403
68881,0.176029962547
68882,0.0630975143403
68883,0.230188679245
68884,0.0630975143403
68885,0.0630975143403
68886,0.176029962547
68887,0.176029962547
68888,0.0630975143403
68889,0.0
68890,0.0123456790123
68891,0.0
68892,0.176029962547
68893,0.0
68894,0.0630975143403
68895,0.0630975143403
68896,0.0
68897,0.0
68898,0.0
68899,0.176029962547
68900,0.176029962547
68901,0.0
68902,0.0
68903,0.0
68904,0.0392156862745
68905,0.166666666667
68906,0.0123456790123
68907,0.0630975143403
68908,0.0630975143403
68909,0.0630975143403
68910,0.176029962547
68911,0.166666666667
68912,0.0
68913,0.230188679245
68914,0.142857142857
68915,0.0
68916,0.0123456790123
68917,0.0
68918,0.166666666667
68919,0.1
68920,0.230188679245
68921,0.0630975143403
68922,0.0123456790123
68923,0.0
68924,0.0123456790123
68925,0.0630975143403
68926,0.176029962547
68927,0.0
68928,0.0630975143403
68929,0.0
68930,0.0123456790123
68931,0.0630975143403
68932,0.176029962547
68933,0.0
68934,0.0630975143403
68935,0.176029962547
68936,0.0630975143403
68937,0.0
68938,0.0630975143403
68939,0.1
68940,0.0630975143403
68941,0.0
68942,0.0
68943,0.0630975143403
68944,0.272058823529
68945,0.176029962547
68946,0.0
68947,0.0630975143403
68948,0.166666666667
68949,0.0
68950,0.0123456790123
68951,0.176029962547
68952,0.0
68953,0.0630975143403
68954,0.176029962547
68955,0.0630975143403
68956,0.166666666667
68957,0.0
68958,0.176029962547
68959,0.0630975143403
68960,0.176029962547
68961,0.0
68962,0.0630975143403
68963,0.0123456790123
68964,0.142857142857
68965,0.0123456790123
68966,0.0630975143403
68967,0.1
68968,0.0
68969,0.0630975143403
68970,0.0
68971,0.0
68972,0.0630975143403
68973,0.230188679245
68974,0.0630975143403
68975,0.0
68976,0.0
68977,0.0123456790123
68978,0.0630975143403
68979,0.0
68980,0.166666666667
68981,0.0630975143403
68982,0.0
68983,0.0
68984,0.0123456790123
68985,0.0630975143403
68986,0.0630975143403
68987,0.0
68988,0.0630975143403
68989,0.0123456790123
68990,0.1
68991,0.0
68992,0.0630975143403
68993,0.153846153846
68994,0.0630975143403
68995,0.0
68996,0.0
68997,0.0
68998,0.0
68999,0.166666666667
69000,0.0
69001,0.176029962547
69002,0.0
69003,0.0888888888889
69004,0.0123456790123
69005,0.166666666667
69006,0.1
69007,0.0
69008,0.0630975143403
69009,0.1
69010,0.166666666667
69011,0.0
69012,0.0630975143403
69013,0.0630975143403
69014,0.0392156862745
69015,0.0
69016,0.166666666667
69017,0.166666666667
69018,0.0
69019,0.0
69020,0.0
69021,0.0123456790123
69022,0.0888888888889
69023,0.1
69024,0.0630975143403
69025,0.166666666667
69026,0.0123456790123
69027,0.0392156862745
69028,0.166666666667
69029,0.0
69030,0.142857142857
69031,0.0
69032,0.0
69033,0.0
69034,0.153846153846
69035,0.0
69036,0.230188679245
69037,0.166666666667
69038,0.0
69039,0.0
69040,0.0
69041,0.153846153846
69042,0.0630975143403
69043,0.230188679245
69044,0.0630975143403
69045,0.0123456790123
69046,0.0
69047,0.176029962547
69048,0.162162162162
69049,0.0630975143403
69050,0.0123456790123
69051,0.0
69052,0.0630975143403
69053,0.0123456790123
69054,0.0123456790123
69055,0.0
69056,0.176029962547
69057,0.0
69058,0.0
69059,0.176029962547
69060,0.0630975143403
69061,0.0630975143403
69062,0.166666666667
69063,0.166666666667
69064,0.0
69065,0.0123456790123
69066,0.1
69067,0.176029962547
69068,0.0123456790123
69069,0.142857142857
69070,0.0630975143403
69071,0.0630975143403
69072,0.0
69073,0.0
69074,0.0630975143403
69075,0.0888888888889
69076,0.0392156862745
69077,0.0123456790123
69078,0.176029962547
69079,0.0630975143403
69080,0.0123456790123
69081,0.166666666667
69082,0.0630975143403
69083,0.0630975143403
69084,0.0630975143403
69085,0.0
69086,0.0123456790123
69087,0.0630975143403
69088,0.0
69089,0.0
69090,0.0123456790123
69091,0.166666666667
69092,0.0
69093,0.0
69094,0.1
69095,0.0630975143403
69096,0.1
69097,0.0630975143403
69098,0.0
69099,0.166666666667
69100,0.230188679245
69101,0.0630975143403
69102,0.0
69103,0.0630975143403
69104,0.272058823529
69105,0.0
69106,0.0630975143403
69107,0.0630975143403
69108,0.164179104478
69109,0.0630975143403
69110,0.0630975143403
69111,0.0
69112,0.0
69113,0.0
69114,0.0630975143403
69115,0.0123456790123
69116,0.166666666667
69117,0.0
69118,0.0
69119,0.0630975143403
69120,0.0888888888889
69121,0.0
69122,0.166666666667
69123,0.0630975143403
69124,0.0123456790123
69125,0.0
69126,0.0
69127,0.0630975143403
69128,0.0123456790123
69129,0.0123456790123
69130,0.0
69131,0.176029962547
69132,0.0123456790123
69133,0.0
69134,0.4
69135,0.0630975143403
69136,0.0
69137,0.0
69138,0.0630975143403
69139,0.0
69140,0.0123456790123
69141,0.230188679245
69142,0.0
69143,0.166666666667
69144,0.0
69145,0.0
69146,0.0630975143403
69147,0.0
69148,0.4
69149,0.1
69150,0.0630975143403
69151,0.0630975143403
69152,0.176029962547
69153,0.0630975143403
69154,0.0123456790123
69155,0.0
69156,0.0123456790123
69157,0.0
69158,0.0123456790123
69159,0.0
69160,0.0123456790123
69161,0.0888888888889
69162,0.176029962547
69163,0.0630975143403
69164,0.0123456790123
69165,0.0392156862745
69166,0.0909090909091
69167,0.142857142857
69168,0.0630975143403
69169,0.0630975143403
69170,0.0630975143403
69171,0.164179104478
69172,0.0
69173,0.0
69174,0.166666666667
69175,0.0123456790123
69176,0.0123456790123
69177,0.1
69178,0.0123456790123
69179,0.0
69180,0.0123456790123
69181,0.0630975143403
69182,0.176029962547
69183,0.0
69184,0.0123456790123
69185,0.0392156862745
69186,0.272058823529
69187,0.176029962547
69188,0.164179104478
69189,0.0630975143403
69190,0.176029962547
69191,0.153846153846
69192,0.0
69193,0.0630975143403
69194,0.0
69195,0.4
69196,0.230188679245
69197,0.0
69198,0.0630975143403
69199,0.0630975143403
69200,0.0
69201,0.176029962547
69202,0.0
69203,0.176029962547
69204,0.0
69205,0.0
69206,0.0
69207,0.0630975143403
69208,0.0392156862745
69209,0.176029962547
69210,0.166666666667
69211,0.0630975143403
69212,0.166666666667
69213,0.0
69214,0.1
69215,0.0630975143403
69216,0.0630975143403
69217,0.164179104478
69218,0.0
69219,0.0
69220,0.0630975143403
69221,0.0
69222,0.0630975143403
69223,0.176029962547
69224,0.0123456790123
69225,0.0630975143403
69226,0.176029962547
69227,0.176029962547
69228,0.0
69229,0.0630975143403
69230,0.0630975143403
69231,0.176029962547
69232,0.153846153846
69233,0.0
69234,0.176029962547
69235,0.176029962547
69236,0.0392156862745
69237,0.122807017544
69238,0.0888888888889
69239,0.0888888888889
69240,0.0
69241,0.0630975143403
69242,0.0
69243,0.0
69244,0.1
69245,0.176029962547
69246,0.166666666667
69247,0.176029962547
69248,0.0630975143403
69249,0.0
69250,0.0
69251,0.0
69252,0.176029962547
69253,0.166666666667
69254,0.0630975143403
69255,0.0630975143403
69256,0.0
69257,0.164179104478
69258,0.0
69259,0.0630975143403
69260,0.0
69261,0.0123456790123
69262,0.166666666667
69263,0.0392156862745
69264,0.0
69265,0.0630975143403
69266,0.0
69267,0.0392156862745
69268,0.0630975143403
69269,0.0
69270,0.0
69271,0.0630975143403
69272,0.176029962547
69273,0.0
69274,0.0
69275,0.0123456790123
69276,0.0
69277,0.176029962547
69278,0.0
69279,0.176029962547
69280,0.0
69281,0.0630975143403
69282,0.5
69283,0.0
69284,0.162162162162
69285,0.0630975143403
69286,0.0123456790123
69287,0.0
69288,0.0392156862745
69289,0.0630975143403
69290,0.153846153846
69291,0.153846153846
69292,0.0123456790123
69293,0.0630975143403
69294,0.0630975143403
69295,0.0630975143403
69296,0.176029962547
69297,0.0630975143403
69298,0.0
69299,0.162162162162
69300,0.0630975143403
69301,0.142857142857
69302,0.0123456790123
69303,0.0
69304,0.0
69305,0.0123456790123
69306,0.176029962547
69307,0.0392156862745
69308,0.0
69309,0.0
69310,0.176029962547
69311,0.428571428571
69312,0.0
69313,0.0
69314,0.0
69315,0.0630975143403
69316,0.0123456790123
69317,0.0
69318,0.0630975143403
69319,0.0
69320,0.0630975143403
69321,0.0
69322,0.0630975143403
69323,0.0392156862745
69324,0.0630975143403
69325,0.230188679245
69326,0.0
69327,0.0
69328,0.0123456790123
69329,0.0
69330,0.272058823529
69331,0.0
69332,0.0
69333,0.0
69334,0.0630975143403
69335,0.0
69336,0.166666666667
69337,0.0630975143403
69338,0.1
69339,0.0
69340,0.166666666667
69341,0.0
69342,0.176029962547
69343,0.166666666667
69344,0.0
69345,0.0
69346,0.166666666667
69347,0.0
69348,0.0
69349,0.0
69350,0.142857142857
69351,0.0392156862745
69352,0.0630975143403
69353,0.0
69354,0.230188679245
69355,0.0123456790123
69356,0.0630975143403
69357,0.0123456790123
69358,0.0630975143403
69359,0.142857142857
69360,0.0123456790123
69361,0.0630975143403
69362,0.176029962547
69363,0.0630975143403
69364,0.0
69365,0.0630975143403
69366,0.0123456790123
69367,0.0630975143403
69368,0.0630975143403
69369,0.0630975143403
69370,0.166666666667
69371,0.0123456790123
69372,0.0630975143403
69373,0.0630975143403
69374,0.0
69375,0.0
69376,0.0630975143403
69377,0.0
69378,0.0630975143403
69379,0.0630975143403
69380,0.0
69381,0.0123456790123
69382,0.142857142857
69383,0.0123456790123
69384,0.0630975143403
69385,0.0
69386,0.0630975143403
69387,0.176029962547
69388,0.0
69389,0.0630975143403
69390,0.0
69391,0.0
69392,0.0
69393,0.0123456790123
69394,0.0630975143403
69395,0.166666666667
69396,0.166666666667
69397,0.0630975143403
69398,0.0630975143403
69399,0.0888888888889
69400,0.0630975143403
69401,0.0888888888889
69402,0.164179104478
69403,0.0
69404,0.0123456790123
69405,0.0630975143403
69406,0.0123456790123
69407,0.0
69408,0.0888888888889
69409,0.0888888888889
69410,0.176029962547
69411,0.0
69412,0.164179104478
69413,0.0123456790123
69414,0.0
69415,0.0630975143403
69416,0.0123456790123
69417,0.0392156862745
69418,0.0123456790123
69419,0.0630975143403
69420,0.0630975143403
69421,0.230188679245
69422,0.0630975143403
69423,0.166666666667
69424,0.0
69425,0.0630975143403
69426,0.272058823529
69427,0.0
69428,0.0630975143403
69429,0.0123456790123
69430,0.0
69431,0.0
69432,0.0123456790123
69433,0.0
69434,0.0
69435,0.0123456790123
69436,0.0
69437,0.0
69438,0.0123456790123
69439,0.0630975143403
69440,0.166666666667
69441,0.166666666667
69442,0.0
69443,0.0123456790123
69444,0.0
69445,0.0630975143403
69446,0.0123456790123
69447,0.0630975143403
69448,0.0
69449,0.166666666667
69450,0.0123456790123
69451,0.230188679245
69452,0.164179104478
69453,0.0630975143403
69454,0.166666666667
69455,0.0630975143403
69456,0.0630975143403
69457,0.0
69458,0.166666666667
69459,0.0
69460,0.0
69461,0.0630975143403
69462,0.0630975143403
69463,0.0630975143403
69464,0.0
69465,0.0123456790123
69466,0.0
69467,0.230188679245
69468,0.0630975143403
69469,0.0630975143403
69470,0.0123456790123
69471,0.0630975143403
69472,0.0630975143403
69473,0.0630975143403
69474,0.0630975143403
69475,0.0909090909091
69476,0.0
69477,0.0888888888889
69478,0.0
69479,0.0123456790123
69480,0.0123456790123
69481,0.164179104478
69482,0.0
69483,0.0
69484,0.230188679245
69485,0.0
69486,0.0630975143403
69487,0.176029962547
69488,0.0
69489,0.0630975143403
69490,0.0123456790123
69491,0.0630975143403
69492,0.176029962547
69493,0.0
69494,0.0630975143403
69495,0.0630975143403
